0	0 1 2 3 4 5
0	6 7 8 9 10 11 12 13 14 15 5
0	16 17 18 19 20 21 22 5
0	6 7 23 24 25 26 27 28 29 30 5
0	6 7 31 32 33 34 35 11 36 5
0	0 37 18 38 39 40 5
0	6 7 41 11 18 42 43 44 5
0	6 7 45 46 47 48 17 18 49 50 51 5
0	6 7 52 20 18 53 54 55 34 35 5
0	6 7 56 34 57 11 18 58 59 5
0	60 61 62 1 63 64 65 66 18 67 68 5
0	0 37 69 70 71 5
0	0 37 72 73 74 75 76 5
0	6 77 78 79 26 80 81 82 83 5
0	6 84 79 85 86 87 88 89 90 24 91 92 93 94 18 95 5
0	0 37 18 96 97 86 98 5
0	6 77 99 85 100 90 101 26 102 103 104 5 105 106 5 5
0	6 7 107 108 109 86 90 110 5
0	6 7 111 9 112 11 18 113 114 5
0	6 7 115 34 35 11 26 116 117 118 5
0	16 17 18 119 120 121 122 5
0	60 123 62 37 124 125 126 127 5
0	6 7 128 79 85 86 18 129 90 130 131 18 132 5
0	60 123 62 1 133 134 135 136 20 137 5
0	6 7 138 9 139 11 18 140 141 5
0	16 34 18 142 143 128 11 18 144 145 5
0	0 1 18 146 147 148 149 150 5
0	0 37 18 151 152 20 153 154 74 155 86 98 5
0	69 156 71 11 123 62 5
0	6 7 52 20 157 34 35 5
0	6 7 41 34 35 11 18 42 5
0	16 17 18 158 20 18 159 160 5
0	0 37 161 162 5
0	6 77 79 26 163 164 165 166 100 5
0	6 7 167 79 26 116 168 24 11 142 169 5
0	6 7 170 140 171 172 18 173 174 11 175 176 5
0	6 7 41 177 18 178 9 112 66 18 179 20 180 181 182 183 46 184 5 185 5 186 187 5 188 5
0	0 1 18 146 189 190 11 18 191 192 193 5
0	0 37 18 194 147 195 25 5
0	0 37 196 197 198 199 172 26 200 201 5
0	0 37 202 203 204 205 5
0	6 7 48 34 35 11 26 206 5
0	0 17 21 22 5
0	0 1 18 207 20 18 208 209 5
0	6 7 41 37 210 211 212 5
0	0 37 213 214 5 215 5 5
0	16 17 18 216 20 18 217 218 5
0	16 1 219 220 221 5
0	16 222 1 223 224 225 11 226 5
0	6 7 107 227 37 18 228 229 230 5
0	16 17 18 231 74 232 20 233 234 5 235 5
0	16 17 18 236 237 238 239 20 26 240 241 5
0	16 17 18 242 20 243 5
0	6 7 244 34 35 11 26 245 246 5
0	16 220 18 140 247 248 87 249 250 11 18 251 5
0	16 17 18 252 20 18 253 254 5
0	16 62 37 255 256 257 18 258 259 260 261 5
0	6 7 262 37 263 264 5
0	16 17 18 252 20 18 253 254 5
0	6 7 265 5 266 267 268 5
0	6 7 269 270 34 35 11 271 272 273 5
0	16 274 20 222 37 275 276 162 5
0	6 7 107 37 85 86 277 278 90 264 279 5
0	6 7 280 20 281 5 282 34 35 5 142
0	16 17 18 283 20 140 284 285 286 87 66 18 287 288 5
0	0 1 18 289 220 290 291 292 5
0	16 62 37 293 162 5
0	6 77 78 34 294 220 295 296 87 5
0	6 7 297 17 85 90 243 66 298 299 5
0	6 77 300 301 271 302 20 303 5
0	0 79 18 304 305 146 172 306 5
0	16 17 18 252 20 18 253 254 5
0	6 7 307 308 26 309 310 5
0	0 17 18 311 312 11 313 5
0	6 7 314 315 17 18 316 20 26 317 318 18 120 319 5
0	6 84 79 85 86 87 320 220 321 90 322 5
0	16 323 20 26 324 220 325 17 326 327 5
0	6 7 107 17 328 329 330 331 332 5
0	6 77 99 26 333 334 335 336 337 5 338 339 177 85 5 5
0	6 7 340 34 35 11 26 341 342 310 5
0	0 37 69 195 177 18 120 5
0	16 17 18 343 344 87 18 345 20 346 5
0	6 7 347 37 348 349 172 5
0	6 84 17 18 350 351 352 5
0	6 7 353 34 11 354 5
0	0 1 18 355 20 356 5
0	0 37 357 40 5
0	16 17 18 358 87 359 360 361 362 5
0	6 7 363 24 25 18 364 87 5 365 5 5
0	6 7 366 79 271 367 172 5
0	6 7 368 34 35 11 26 369 29 370 5
0	16 371 20 18 95 17 372 5
0	16 79 271 304 373 374 83 375 11 63 376 5
0	0 17 18 377 378 379 90 380 5
0	0 17 381 22 5
0	6 7 382 383 26 384 385 386 5
0	16 222 20 18 387 388 18 389 390 166 391 5
0	6 392 17 393 5
0	0 1 18 146 140 394 150 5
0	6 7 395 269 26 396 5
0	16 397 20 18 398 399 18 389 400 5
0	6 392 79 18 401 166 195 5
0	6 84 402 26 403 404 175 405 406 407 34 408 5
0	6 7 409 410 34 11 271 304 411 5
0	6 412 108 413 172 90 414 415 413 416 26 417 414 5
0	16 1 18 344 20 41 418 210 419 211 1 420 20 421 5
0	6 412 383 26 39 121 11 422 423 5
0	16 1 18 424 425 426 427 11 428 5
0	16 62 37 18 191 192 429 18 430 431 5
0	16 371 20 432 433 175 434 5
0	16 220 18 146 222 20 18 387 5
0	6 7 314 315 17 18 316 20 26 317 318 18 120 319 5
0	6 7 435 20 436 437 17 26 438 439 440 441 442 90 336 443 105 5
0	16 17 18 444 20 26 445 5
0	16 79 271 304 373 374 83 375 11 63 376 5
0	6 7 432 209 87 18 446 11 18 140 141 5
0	6 7 447 34 35 74 448 449 5
0	6 7 450 20 451 79 26 452 172 5
0	6 7 453 399 5 454 5 454 5 455 456 5
0	16 457 458 124 459 460 461 455 11 462 87 26 463 5
0	6 7 464 34 465 90 466 26 467 5
0	0 1 468 469 5
0	16 1 18 470 20 471 472 5 473 474 475 5
0	0 1 5 18 53 476 5 5
0	477 478 479 5 480 481 5 17 482 483 5
0	60 123 62 37 484 485 486 146 487 136 5
0	6 7 128 79 26 236 488 489 199 5
0	6 77 1 18 490 491 11 492 5
0	6 7 493 9 35 11 18 494 495 5
0	496 304 5 482 7 297 34 35 90 18 129 5
0	6 7 405 79 497 498 499 500 501 502 503 5
0	6 7 41 504 177 505 5
0	16 17 18 506 242 507 18 345 20 508 11 509 5
0	0 37 18 510 146 511 5
0	0 1 18 512 513 514 5
0	6 7 515 34 11 516 517 5 518 5
0	16 62 37 18 287 203 519 5
0	16 17 18 520 344 20 271 521 5
0	0 1 194 220 522 523 524 5
0	6 7 525 526 34 35 177 26 527 528 529 530 5
0	16 62 37 531 532 486 533 534 105 18 494 495 5
0	6 7 535 399 536 537 538 5
0	6 7 539 540 34 35 5
0	6 7 417 541 37 542 543 172 14 502 544 5
0	6 7 545 546 18 310 11 547 548 220 549 73 550 18 551 5
0	0 34 552 553 5
0	16 554 79 555 556 40 11 5
0	6 7 557 558 559 560 561 562 5
0	16 17 18 304 100 87 563 107 20 564 565 5
0	16 17 18 566 567 568 66 66 569 90 570 5
0	6 7 571 572 18 345 20 508 5
0	0 37 573 574 575 576 5
0	16 17 18 577 418 507 578 579 580 20 581 41 582 172 18 583 584 5
0	6 7 585 586 559 62 5
0	6 7 587 588 34 589 11 590 5
0	16 62 1 591 592 593 594 18 595 596 597 5
0	6 77 37 18 490 491 598 90 11 492 5
0	16 17 18 599 600 20 601 5
0	6 7 602 79 26 603 604 172 5
0	6 84 1 605 220 606 607 608 5
0	16 79 26 609 20 610 611 11 26 612 613 5
0	16 17 614 615 616 617 220 618 584 5
0	6 7 277 619 620 34 35 5
0	6 621 17 18 622 623 90 624 625 626 74 627 628 177 629 220 630 631 5
0	6 77 632 79 18 633 634 90 308 5
0	6 7 635 11 26 636 5
0	16 17 18 637 638 20 639 5 170 640 5 5
0	6 7 641 37 642 643 644 11 645 5
0	16 17 18 304 646 20 26 647 20 18 648 418 649 177 18 650 560 5
0	6 7 651 34 35 11 26 652 20 653 654 5
0	6 7 655 656 657 34 658 20 659 660 20 661 662 559 62 5
0	6 7 41 11 640 663 5
0	6 7 664 34 35 177 18 494 495 220 665 5
0	16 34 18 666 20 667 668 5
0	6 84 79 85 86 18 669 670 90 671 672 673 674 5
0	6 77 79 85 100 5 304 675 676 17 677 5 90 678 74 679 680 681 682 11 18 424 5 5 683 188 684 684 5
0	0 1 18 685 686 5
0	16 1 124 220 687 688 459 689 107 11 462 5
0	6 7 244 34 11 26 690 5
0	0 1 691 692 4 5
0	16 17 18 426 427 20 41 693 66 694 5
0	6 84 1 18 695 696 20 697 698 220 699 90 336 5
0	16 700 344 383 204 701 90 172 26 702 703 5
0	0 37 18 5 704 705 5 125 18 706 707 5
0	16 222 17 708 709 5 710 5
0	6 711 17 26 712 5
0	6 84 79 85 86 393 90 511 18 132 66 18 713 5
0	6 7 714 34 177 715 716 5
0	60 123 62 37 293 717 462 20 531 5
0	16 62 37 718 437 5 719 720 5 5
0	6 7 721 48 17 722 723 5 417 5
0	21 22 17 724 177 123 19 5
0	725 79 18 424 726 727 42 171 11 728 5
0	16 1 18 729 239 87 730 731 11 732 5
0	0 37 733 70 734 18 735 736 74 737 46 90 18 738 5
0	6 77 739 17 740 500 741 74 742 743 5
0	6 7 744 504 14 18 745 288 5
0	6 77 746 79 271 304 747 748 678 11 26 222 5
0	6 7 169 9 35 177 18 749 750 751 752 753 5
0	16 17 18 304 274 85 754 87 26 755 90 756 5
0	6 7 557 172 455 177 18 129 5
0	60 123 62 37 18 96 97 757 5
0	0 9 18 758 759 11 61 760 761 762 763 764 5
0	6 7 765 20 766 368 79 26 767 20 768 769 172 5
0	16 17 18 770 242 20 18 42 5
0	6 7 771 34 35 11 18 772 20 63 773 5
0	0 37 774 83 502 146 775 87 18 776 383 5
0	6 7 777 34 764 11 26 778 779 780 5
0	6 7 714 108 413 172 177 88 781 5
0	0 1 18 782 783 514 5
0	16 17 18 784 242 20 785 786 5 787 5
0	6 77 79 18 788 83 375 5
0	789 655 790 18 791 20 792 74 793 5 123 371 794 5 477 795 5 5
0	16 17 796 797 220 700 344 5
0	16 1 18 424 425 426 427 11 428 5
0	16 79 559 20 18 798 100 11 36 5
0	0 9 799 146 800 90 336 57 177 801 5
0	6 7 802 108 413 803 90 511 18 804 805 20 18 806 807 808 5
0	6 84 79 26 809 810 5
0	16 383 413 336 811 87 812 26 809 177 26 813 5
0	6 77 582 18 814 336 11 18 62 815 5
0	477 816 817 175 818 177 576 177 123 222 5
0	6 7 819 34 35 177 26 820 821 310 530 5
0	0 17 788 822 220 584 5
0	6 7 41 11 18 823 824 175 344 91 825 20 826 17 18 827 5
0	6 7 453 26 222 402 413 86 26 828 829 5 830 5 5 5
0	6 77 831 108 432 832 11 26 222 5
0	6 392 108 833 414 5
0	6 392 17 26 834 835 5
0	16 34 18 836 20 837 838 90 839 5
0	6 412 17 840 251 66 814 5
0	6 7 107 483 17 841 842 5
0	6 483 17 843 844 5
0	16 1 18 426 427 507 18 201 20 196 845 5
0	0 582 18 846 847 70 5
0	16 17 18 231 74 232 20 233 234 5 235 5
0	16 17 18 325 848 20 18 304 849 5
0	6 7 647 850 34 11 18 851 5
0	16 34 18 852 20 271 853 854 855 5
0	0 1 69 220 146 856 5
0	6 84 79 85 86 857 90 511 132 5
0	6 7 858 11 26 859 5
0	0 9 860 861 11 862 5
0	16 17 18 863 20 864 865 5
0	16 17 18 866 239 87 867 90 140 78 5
0	6 7 850 37 868 822 869 11 870 5
0	6 7 871 872 318 579 9 35 11 26 873 5
0	16 874 344 875 18 612 876 20 26 877 20 255 878 220 5
0	60 123 62 37 879 74 18 880 20 881 882 883 884 5
0	6 885 17 18 886 5
0	6 84 37 85 86 887 90 888 889 5
0	6 77 20 18 890 220 655 790 18 791 20 792 74 793 794 5 477 795 5 5
0	6 7 41 504 365 20 26 891 892 11 893 5
0	6 7 453 11 502 894 895 896 897 544 1 898 899 26 647 20 18 900 648 5
0	901 74 902 461 271 903 11 904 905 87 482 84 406 906 85 5
0	16 62 37 907 908 18 909 910 5 5 911 912 913 5 5
0	6 7 914 915 34 35 5 74 123 34 407 5
0	6 84 459 306 79 85 86 90 888 580 415 413 34 916 5
0	6 7 917 20 839 34 35 5
0	6 7 41 40 11 18 918 5
0	6 77 78 1 18 490 491 11 492 5
0	60 123 62 1 18 146 775 87 18 776 919 177 920 921 5
0	16 17 18 922 470 5
0	6 77 20 18 801 220 923 17 924 925 5
0	0 1 926 927 4 5
0	6 7 41 9 10 87 928 929 220 930 5
0	0 1 931 932 5
0	16 17 18 933 490 491 5
0	16 34 18 934 935 87 18 107 936 74 937 5
0	16 17 18 938 20 18 939 940 5
0	16 62 37 941 205 5
0	0 37 942 943 264 5 5 944 63 202 5 5
0	6 84 1 18 945 946 818 5
0	6 7 41 40 11 947 5
0	0 37 948 146 70 90 264 949 950 5
0	16 1 18 304 325 951 14 18 952 953 5
0	6 7 424 954 9 955 14 926 927 220 956 5
0	0 1 18 146 957 958 686 5
0	6 7 959 79 559 960 172 11 26 961 310 20 962 5
0	6 483 17 18 963 5
0	16 371 20 655 790 18 791 20 792 74 793 794 5 477 795 5 5
0	6 7 107 227 37 964 965 966 486 199 967 5
0	6 7 41 1 210 211 420 20 421 5
0	16 122 17 18 968 87 263 220 969 970 220 971 5
0	16 17 18 566 567 568 66 66 569 90 570 5
0	16 972 5 19 5 74 62 37 973 204 162 5
0	6 7 974 48 20 423 79 26 975 20 976 977 5
0	6 7 978 34 11 26 979 980 5
0	16 17 18 304 981 239 20 140 982 5
0	60 123 62 37 407 983 18 194 147 5
0	0 582 984 985 986 987 988 989 5
0	6 7 990 34 11 26 636 5
0	6 7 991 34 11 26 992 5
0	6 84 17 488 993 5
0	16 220 18 242 20 253 5
0	6 483 17 994 995 5
0	6 7 996 997 34 35 177 26 998 220 999 5
0	6 1000 34 865 4 5
0	6 7 954 172 504 177 18 1001 20 1002 5
0	16 122 1003 105 18 1004 1005 5
0	6 84 9 1006 1007 220 1008 5
0	16 62 9 18 758 759 764 11 1009 760 761 762 763 5
0	477 901 5 902 431 1010 461 271 903 11 1011 87 482 7 107 5
0	6 84 79 85 86 18 669 140 90 832 1012 1013 20 853 1014 5
0	16 17 18 1015 20 1016 5
0	6 7 1017 1018 79 85 86 90 644 1019 5
0	60 123 62 1 18 1020 18 1021 1022 740 5
0	0 1 18 133 1023 1024 1025 5
0	16 17 18 19 20 381 22 5
0	6 77 1026 1027 402 271 1028 1029 83 1030 5
0	6 77 1031 17 11 26 1032 1033 1034 20 1035 5
0	16 17 796 797 220 700 344 5
0	0 37 1036 1037 74 153 973 83 1038 5
0	6 7 1039 172 455 1040 5
0	6 7 1041 37 1042 616 1043 172 5
0	16 17 18 242 11 1044 5
0	6 84 108 1045 40 5
0	6 7 453 26 222 79 18 669 403 195 90 18 1046 5
0	6 7 48 84 17 26 1047 1048 220 1049 5
0	6 7 453 1050 318 325 216 17 18 1051 20 1052 5
0	6 84 79 26 488 40 5
0	6 7 1053 172 18 1054 1055 5
0	16 220 26 27 30 11 26 1056 1057 5
0	496 123 19 37 1058 1059 1060 26 364 20 18 745 1061 1062 87 1063 90 1064 25 987 1065 177 18 1066 5
0	16 34 18 1067 836 177 26 1068 1069 5
0	60 123 62 37 18 424 1070 1071 1072 18 1073 5 1074 1075 5 5
0	6 7 1076 37 1077 1078 24 5
0	0 1 18 146 1079 1080 5
0	6 7 872 1081 20 143 34 35 415 26 178 1082 388 502 1083 5
0	16 62 37 1084 1085 146 195 177 1086 5
0	0 37 18 1087 1088 519 5
0	16 1 18 19 20 1089 220 1090 20 576 5
0	6 7 587 1091 1092 34 35 5
0	0 1 18 722 20 1093 292 5
0	16 220 18 242 20 1094 5 253 5
0	16 62 37 18 146 1095 20 5 1096 5 1097 580 5
0	6 7 435 79 26 877 20 1098 1099 1100 5
0	16 1 18 344 20 1101 74 1102 90 1103 11 18 424 1104 1105 5
0	6 7 1106 108 413 1107 66 11 18 1108 310 5 1109 18 202 5 5
0	16 17 18 304 646 26 1110 1111 5
0	6 7 655 79 1112 1113 20 18 1114 172 5
0	6 7 107 37 901 5 902 1115 431 11 904 905 5
0	6 77 1116 17 11 18 447 5
0	6 7 664 34 35 11 245 1117 5
0	6 7 1118 79 26 1119 172 5
0	16 17 18 242 20 1120 5
0	6 84 17 1121 1122 5
0	6 7 297 17 85 66 840 5 376 90 1123 5 376 5
0	6 7 41 1 210 211 420 20 1124 5
0	496 61 19 17 18 1125 5 1126 5
0	16 17 18 304 1127 87 26 39 5
0	6 77 17 1128 1129 1130 375 1131 1132 220 90 824 5 725 220 18 1133 5 5
0	16 1 18 19 20 69 220 146 856 5
0	16 17 18 1134 384 1135 20 1136 1137 5 74 1009 383 204 888 715 826 5
0	0 1 1138 1139 686 5
0	6 483 17 1140 1141 5
0	16 17 691 692 220 584 5
0	0 37 293 1097 90 462 11 531 5
0	0 37 1142 1143 74 75 76 5
0	16 222 20 18 387 1 1002 709 5
0	1144 482 7 571 34 1145 507 18 345 20 508 5
0	6 7 140 284 172 504 87 175 1146 90 19 5
0	16 62 1 18 1147 1025 5
0	60 123 62 37 124 717 462 5
0	6 1148 79 18 316 20 271 1149 1150 83 5
0	16 17 18 216 20 1151 5
0	16 19 17 868 822 220 584 5
0	16 457 20 42 220 1152 976 17 57 11 1153 5
0	69 220 146 856 1154 177 123 19 5
0	6 7 1155 34 177 26 1156 5
0	16 344 20 140 284 1157 286 66 18 287 288 5
0	6 7 1158 1047 777 37 542 543 546 5
0	6 7 587 280 20 1159 34 35 5
0	16 62 37 213 24 5 215 5 5
0	16 220 18 371 20 655 332 792 94 793 1160 794 5 477 795 5 5
0	6 77 78 79 559 960 83 507 18 1161 20 18 310 11 36 5
0	16 62 1 18 1162 146 861 5
0	16 79 1163 269 5
0	16 17 691 692 220 19 20 838 5
0	6 7 269 106 34 35 177 26 1164 273 5
0	60 61 62 1 18 1165 1166 1167 1168 1169 5
0	6 621 17 1170 220 242 5
0	0 1 18 1171 1172 1173 1174 5
0	16 274 79 1175 1176 1177 414 94 18 1178 5
0	16 397 20 1179 105 18 1180 399 1181 1182 1183 1184 1185 1186 5
0	16 598 20 78 37 18 1187 1188 1189 1190 66 18 1191 5
0	6 7 917 20 1192 34 35 5
0	16 17 18 304 325 951 20 26 755 11 484 11 1193 5
0	6 7 914 915 34 35 5 74 123 34 407 5
0	16 17 18 599 600 20 1194 5
0	0 108 413 1195 143 1196 5
0	6 7 1197 34 11 1198 5
0	16 17 18 866 239 790 376 74 18 424 5
0	16 17 18 1199 239 20 1200 1201 5
0	6 7 1202 79 26 1203 172 5
0	6 412 383 413 1204 5
0	0 37 1205 1206 202 203 1207 99 70 5
0	0 1 840 220 1208 1209 1210 1211 5
0	6 84 37 18 973 1212 1213 1214 199 5
0	6 84 79 85 86 87 88 89 90 24 91 92 93 94 18 95 5
0	0 108 1215 1206 1216 1 4 5
0	60 123 62 1 1217 1218 1219 4 5
0	16 17 304 1220 20 1221 1222 11 191 192 5
0	496 304 5 482 84 274 79 85 86 90 1223 26 1224 5
0	6 84 108 1225 674 1226 5
0	6 7 20 1227 689 1228 20 18 1229 1230 260 172 1231 649 26 1232 5
0	6 7 1076 34 1233 1131 18 1234 1235 11 26 62 5
0	6 7 58 1236 34 35 11 18 424 5
0	16 646 17 841 842 5
0	6 7 1237 582 18 462 1238 11 1239 5 193 1131 26 1240 1241 1131 1242 1243 20 424 5 678 5
0	16 222 17 1244 1245 18 5 706 222 20 1246 5 5
0	16 1 219 220 221 5
0	6 7 618 1247 1248 34 35 11 26 383 20 1249 1250 5
0	6 77 79 26 1251 611 5
0	6 7 23 34 35 177 26 1252 530 5
0	6 7 1253 79 26 1254 1255 1107 5
0	0 37 1256 1257 437 18 5 1258 20 1259 5 5
0	6 7 41 172 455 555 640 5
0	60 123 62 1 1260 955 5
0	16 17 18 274 85 754 26 1261 90 1223 26 1224 418 17 1262 1263 84 5
0	6 7 450 20 1118 79 26 1264 1265 172 5
0	477 769 5 215 5 1 1233 11 123 62 5
0	6 77 79 85 100 90 172 26 702 703 1131 1266 5 1267 5 1268 5
0	6 84 108 1269 1270 40 5
0	16 972 9 413 4 11 415 88 1271 17 1272 5
0	6 77 78 383 26 403 336 811 87 812 26 809 177 26 813 5
0	16 19 37 39 146 1273 177 18 129 5
0	6 7 321 1274 34 35 5
0	6 7 1275 195 1100 117 1276 11 26 62 5
0	6 412 580 17 18 1277 5
0	6 7 1278 1279 79 26 1280 83 1281 1100 26 1047 310 5
0	6 7 1282 1283 34 35 90 18 396 5
0	6 7 1284 34 35 11 18 488 1285 5
0	6 412 17 85 66 1286 90 1287 5
0	6 7 41 794 1288 1289 5
0	6 7 744 34 35 177 26 1290 648 5
0	6 84 79 85 86 90 1291 18 1292 1293 1294 5
0	6 7 453 383 26 1295 1296 1297 336 1298 5
0	6 7 1299 79 18 1300 1301 5
0	6 7 33 34 1302 90 559 960 11 1303 1304 5
0	16 274 20 62 108 389 41 1265 5
0	0 17 18 1305 63 1306 5
0	6 412 383 26 488 1307 1204 5
0	16 274 20 62 399 18 389 120 121 5
0	0 1 18 1308 1309 20 1310 1311 5
0	0 37 407 1312 18 398 5
0	16 371 20 1313 42 1314 1315 1316 11 18 424 5
0	0 37 18 1317 1318 70 5
0	6 7 1319 9 35 11 18 1320 806 5
0	496 123 222 9 898 1321 74 1322 1323 1038 5
0	6 483 17 1324 1325 1326 5
0	0 37 1327 74 881 205 1328 884 5
0	6 7 1155 34 177 26 1156 220 1329 5
0	16 34 18 1330 20 1331 415 18 1332 79 1333 1334 18 1335 5
0	6 84 99 85 86 87 26 5 1336 1337 90 1338 5
0	16 17 18 304 100 87 563 107 20 564 565 5
0	6 7 1339 34 35 177 1340 220 665 5
0	16 220 1341 220 1342 177 26 1343 1344 613 5
0	16 371 20 140 1341 34 1345 5
0	1346 5 1267 5 1268 90 172 26 702 703 582 100 482 77 5
0	60 170 881 5 482 7 140 1347 34 35 5
0	16 34 18 1348 418 1349 1100 1350 220 199 1351 5
0	6 7 432 172 1352 5
0	6 7 1353 79 26 1354 770 1301 5
0	6 885 17 1355 5
0	16 17 18 344 20 140 284 1356 90 170 881 5
0	16 17 18 1357 1358 424 1359 1360 242 5
0	16 344 17 507 1361 1362 753 177 26 1363 5
0	6 7 297 20 1364 34 11 18 1365 1366 5
0	6 7 5 1367 5 1368 1 18 16 220 1369 1370 5 1371 1372 5
0	16 17 18 1373 87 812 26 809 177 26 813 5
0	6 7 563 1374 1375 9 35 74 1160 34 407 5
0	0 37 822 162 5
0	6 7 1228 34 11 18 814 1376 1377 5
0	6 84 37 901 74 902 1115 431 11 904 905 5
0	16 220 26 27 30 11 26 1056 1057 5
0	1378 123 646 37 1379 1380 1381 1382 5
0	6 483 1 1383 1384 5
0	6 7 244 34 35 11 1385 1386 5
0	6 711 17 1387 1388 11 1389 5
0	0 17 26 487 389 1390 5
0	6 7 41 11 1391 5
0	16 17 18 1392 1127 20 26 1393 1394 755 418 17 1395 5 1396 5
0	6 77 17 26 1397 1398 1399 247 1400 1401 337 5
0	6 7 107 37 1402 1403 810 5
0	6 84 79 85 86 87 88 95 90 1404 89 459 413 1405 88 89 5
0	6 7 107 24 25 26 1406 5
0	6 483 17 18 1407 479 480 481 5
0	0 1 18 1408 1409 5
0	6 392 1410 26 1411 121 90 1412 132 220 1413 5
0	6 7 1414 34 35 177 26 1415 1416 729 5
0	6 7 1417 1418 9 112 507 18 1419 1420 5
0	0 1 868 822 4 5
0	16 17 18 1421 646 90 1422 26 1423 66 26 1424 90 26 1425 5
0	0 17 18 713 1426 90 18 132 5
0	16 17 18 304 1427 1428 128 326 1429 1131 1430 1431 5
0	6 412 1432 17 18 129 5
0	0 37 1433 70 1434 5
0	6 7 1284 34 11 18 488 1285 5
0	6 7 599 1435 34 35 5
0	16 17 18 566 242 87 1436 171 5 137 5 1327 5 1437 5 1438 5 1439 5 531 5 1440 5 18 1441 5
0	16 17 18 1442 646 26 1443 675 1444 383 172 271 1445 5
0	6 7 281 1446 26 1447 11 18 1448 5
0	6 84 79 1449 1450 11 88 1366 5
0	496 61 1451 79 18 1452 20 18 1453 1454 11 1455 5 1327 5
0	6 7 1456 1 18 1457 1458 1459 26 1460 1461 1462 1463 5
0	6 7 1464 977 18 1465 1466 18 1467 487 11 1468 907 220 1469 73 477 1470 5
0	16 17 18 100 20 18 1471 465 11 694 1472 5
0	6 7 1473 1474 34 35 11 18 424 5
0	6 7 1234 1475 1476 267 177 1214 459 18 288 507 1477 5
0	16 62 17 1478 177 18 1479 1480 20 1481 66 18 1482 1483 1484 177 26 383 20 1485 220 690 1486 5
0	6 77 78 79 18 1487 20 1488 172 5
0	16 972 220 1489 1490 17 18 1491 1492 312 1493 177 5
0	0 1 898 1494 1495 4 5
0	6 84 79 277 619 1496 502 674 1497 5
0	6 7 41 34 1498 318 1499 48 5
0	6 7 1500 24 25 1501 5
0	6 7 850 172 26 1502 5
0	16 1503 20 655 20 791 790 792 74 793 794 5 477 795 5 5
0	6 7 1504 34 35 11 1505 5
0	6 7 1506 195 90 18 1507 559 62 5
0	16 17 18 242 20 1508 5
0	16 554 37 1143 220 1509 1088 70 11 5
0	6 7 526 1510 26 1318 507 18 519 20 26 1511 5
0	60 123 62 1 18 194 147 524 5
0	16 17 18 1127 20 26 609 20 610 11 26 612 613 5
0	16 17 18 784 1127 20 26 609 20 610 11 26 612 613 5
0	6 412 17 1512 66 1513 5
0	6 7 1514 34 11 26 1515 5
0	1144 482 77 79 26 609 20 610 611 11 26 612 613 5
0	0 1 18 1516 20 1517 5
0	6 77 1026 1027 402 26 916 487 83 559 222 5
0	16 62 1 18 146 1518 1519 5
0	6 7 138 37 531 83 90 1520 459 202 203 204 5
0	6 7 850 172 26 5 1521 431 5 87 163 1522 5
0	6 483 17 841 842 5
0	16 34 18 1523 1524 20 1185 1525 5 1526 5 74 1527 5 18 1528 1529 5
0	6 7 1530 34 35 11 26 1531 5
0	16 34 18 935 87 1532 1533 11 1534 5
0	16 220 18 30 20 26 1535 1047 310 5
0	6 7 1536 1537 172 35 455 5
0	6 7 1538 172 1539 177 18 129 5
0	0 1 1540 1494 1541 1542 105 1543 5
0	16 17 18 1544 1220 87 1161 771 5
0	16 582 18 814 1545 1546 336 11 18 62 815 5
0	16 17 18 470 87 694 1471 5
0	16 1 18 146 490 491 5
0	6 7 41 1547 11 1548 11 18 1549 1550 5
0	16 62 1 1551 643 220 146 967 740 5
0	6 7 1552 399 1553 1554 455 11 5
0	6 1555 17 18 516 1556 5
0	6 7 990 34 11 26 636 5
0	1557 482 7 284 504 11 202 203 1558 5
0	6 7 1559 34 11 18 488 633 5
0	6 7 1560 34 35 177 18 132 5
0	6 84 79 26 1265 40 5
0	6 7 250 34 35 11 26 1561 5
0	16 598 20 1026 1027 402 271 1028 1029 86 1030 5
0	6 7 297 17 85 66 1562 5 531 90 1563 5 1439 5
0	6 7 1564 34 1565 11 1566 1567 1568 220 1569 308 477 1570 220 1571 11 1572 5
0	16 34 18 1330 20 1331 415 18 1332 79 1333 1334 18 1335 5
0	16 972 37 18 1573 1574 230 5
0	0 1 18 522 1575 11 194 193 5
0	6 77 20 18 1576 1577 17 1519 1131 1578 1579 5
0	16 371 20 18 1576 1577 17 1580 1131 1578 1579 5
0	16 19 17 21 22 5
0	6 7 45 885 17 1581 1582 507 838 5
0	6 7 1583 1584 9 1585 1233 5
0	16 554 220 18 968 87 695 220 477 1586 20 1587 1588 5
0	16 1589 37 1590 1309 1591 5
0	16 17 18 637 638 20 639 5 170 640 5
0	6 7 280 20 1592 34 35 11 137 5
0	6 7 5 1593 5 79 26 1594 172 5
0	6 7 1595 34 35 11 18 42 5
0	6 7 23 17 26 1254 11 18 1596 613 337 11 962 5
0	16 62 37 18 203 20 1597 70 5
0	6 7 400 34 11 18 398 5
0	16 1598 1599 1510 18 728 1600 11 18 344 87 84 1601 826 5
0	1602 1603 220 1604 87 123 371 20 1576 1577 5
0	16 17 18 1220 20 26 424 1605 5
0	16 220 18 1606 1607 5 11 45 5 20 26 146 1608 220 1609 5
0	16 17 18 1610 242 20 18 42 5
0	16 17 18 389 344 20 1611 1612 1131 26 979 648 11 271 1613 854 310 5
0	6 7 1614 26 222 37 1615 1616 824 413 1617 83 1131 177 11 590 11 1618 5
0	0 37 196 197 1619 199 1620 5
0	0 1 1423 1621 1622 5
0	6 7 1623 1624 383 336 1233 66 18 563 1625 5 1626 5
0	16 274 20 62 17 120 121 18 1627 5
0	6 7 1628 34 35 11 26 1629 1630 5
0	6 7 1631 34 11 26 636 5
0	6 711 17 26 1632 1633 1634 5
0	16 1 18 53 1635 242 66 1636 5
0	6 7 41 37 210 211 1213 5
0	6 483 17 1637 483 87 26 1423 90 1333 336 1638 5
0	0 1 18 1639 1640 1211 5
0	6 7 1641 20 18 132 220 923 1642 656 976 5
0	16 17 18 1643 772 638 1546 239 5
0	16 17 18 325 951 20 271 521 5
0	16 17 18 568 100 87 18 1644 93 790 63 1645 74 840 177 1646 5
0	1647 482 77 582 18 814 772 1545 1546 1648 1131 18 62 815 5
0	6 84 17 18 1649 790 1153 74 18 1650 1651 850 5
0	16 1 1652 1653 220 146 1654 337 5
0	6 483 1 1655 1656 500 18 1657 5 204 1658 1659 5 1660 5
0	6 7 23 17 26 1661 337 11 1662 5
0	16 17 18 242 20 1663 5
0	6 77 1664 1665 17 1666 11 91 222 11 18 42 5
0	6 7 1667 1668 34 1669 1227 222 5
0	16 17 1670 1671 220 19 20 838 5
0	16 17 18 1607 20 1649 790 18 1672 74 1673 5
0	16 17 18 304 274 90 1674 1675 5
0	6 77 1031 17 11 26 1032 1033 1034 20 1035 5
0	6 711 17 1676 5
0	6 1677 17 1678 5
0	6 77 99 26 333 334 335 336 337 5 338 339 177 85 5
0	16 17 18 577 418 507 578 579 580 20 581 41 582 172 18 583 584 5
0	6 7 41 37 18 191 1679 1680 90 1681 1404 1682 74 1683 1684 1685 11 1686 11 1687 732 5
0	6 7 1688 34 1689 177 801 5
0	0 1 18 146 1690 1691 1692 1693 5
0	6 84 99 85 86 90 83 66 132 90 1694 5
0	6 84 1 18 1695 1696 1214 5
0	16 220 18 1606 344 20 1697 26 1698 1699 499 11 26 1644 5
0	6 7 587 171 1700 1035 5
0	6 7 1701 34 35 5
0	0 37 18 1702 1703 1704 1454 5
0	293 1705 90 462 11 531 11 123 62 5
0	6 7 41 162 66 694 559 62 5
0	16 17 18 938 20 18 939 940 5
0	0 1 1706 1707 1708 1709 1245 18 1710 20 1711 74 1712 46 90 424 1713 5
0	6 7 107 20 1714 1715 1510 1716 26 1717 5
0	6 7 41 172 504 20 694 5
0	6 7 1718 79 26 669 1719 40 5
0	6 7 1018 11 1516 1720 66 18 1721 1722 20 288 105 1723 5
0	6 7 565 1724 34 35 11 18 191 192 5
0	6 84 37 18 1482 1725 386 580 87 1726 18 1727 20 137 5
0	6 77 1728 17 11 88 95 5
0	0 37 124 125 126 127 5
0	6 77 108 1471 90 1729 694 100 5
0	6 7 1730 1731 34 35 177 26 1732 1733 5
0	6 1148 402 18 1734 336 500 1276 360 361 362 5
0	6 483 17 1735 1736 5
0	6 7 41 162 66 1737 1738 11 18 424 1428 62 5
0	6 1135 17 18 1739 20 1740 5
0	0 1 1741 1742 1100 18 495 5
0	6 7 453 26 62 79 18 140 1743 1744 986 477 1743 5
0	16 582 18 1745 336 11 18 814 1545 1546 1131 815 5
0	6 412 17 18 945 613 11 268 177 1746 1344 1747 74 1009 37 85 757 5
0	6 711 17 26 236 216 1332 87 26 1748 5
0	6 7 140 284 1157 286 66 18 287 288 5
0	6 7 1749 1750 18 1751 848 20 18 1752 1575 1753 5
0	6 77 37 1754 191 1755 177 1529 11 1756 5
0	6 7 107 20 1757 459 1758 79 85 86 90 125 26 1759 5
0	0 37 196 197 198 199 172 26 1234 201 5
0	6 84 399 1760 1761 1762 455 1038 5
0	6 77 37 26 1763 220 1764 611 5
0	6 885 17 153 973 5
0	16 17 18 1127 20 120 5
0	6 84 17 18 42 220 217 228 5 11 990 5
0	6 885 17 18 1765 20 18 1766 507 1767 5
0	6 7 453 1 1048 5 1768 1769 5 26 1770 1771 11 502 187 1234 1772 1773 5
0	6 7 1774 34 465 11 1775 5
0	6 7 41 172 455 112 11 1776 5 1777 1778 5
0	16 1 18 146 490 491 5
0	6 7 280 20 1779 34 35 5
0	6 7 1780 399 26 452 1459 26 1781 1782 5
0	16 17 18 242 20 18 191 192 5
0	0 37 18 140 1783 203 519 5
0	6 84 79 85 86 18 129 90 130 131 18 132 5
0	0 37 18 1784 199 1620 5
0	0 37 18 1785 1786 1787 25 5
0	16 108 1788 611 1789 11 5
0	6 711 17 18 1790 751 5
0	6 84 79 85 86 90 121 66 947 90 1791 5
0	16 17 18 1544 1220 20 26 1792 5
0	16 397 20 1179 105 18 1180 399 1181 1182 1183 1184 1185 1186 5
0	6 7 140 1793 9 1794 87 18 1795 1796 1797 87 645 5
0	0 37 1798 1799 5 26 1800 1801 20 796 90 1802 5 162 5
0	6 84 1 18 945 1803 818 5
0	0 37 822 1804 879 5
0	16 220 18 1489 972 20 18 1805 1806 5
0	6 7 1807 1808 956 11 26 1809 5
0	16 397 20 18 398 399 18 389 400 5
0	60 123 62 1 18 147 193 5
0	0 1 1216 4 5
0	16 122 79 26 1810 1811 1812 86 98 11 5
0	16 17 18 42 1813 87 18 945 1814 5
0	6 77 79 91 1815 20 1816 100 5
0	6 7 106 79 271 1817 172 5
0	60 123 62 1 18 1818 686 5
0	6 7 588 79 18 1040 43 5
0	6 7 48 1135 17 18 1819 11 1820 20 26 1821 220 1822 976 1823 5
0	6 7 244 34 35 11 26 1824 20 976 5
0	16 17 18 599 600 20 1825 5
0	6 7 171 794 1826 590 5
0	16 17 18 1827 1600 87 904 905 1828 5
0	6 7 1593 79 26 1829 172 5
0	6 7 1830 9 1831 5
0	16 1832 274 108 1833 40 11 5
0	0 1 879 220 146 1703 1834 5
0	6 77 383 26 403 336 811 87 812 26 809 177 26 813 5
0	0 17 691 692 220 584 5
0	16 1598 1599 1510 18 728 1600 11 18 344 87 84 1601 826 5
0	0 1 18 1835 686 5
0	6 7 33 17 559 960 1302 11 1836 1753 5
0	6 483 1 843 844 500 1837 1838 105 1839 1840 5
0	16 62 1 18 1841 1842 1024 1025 5
0	725 79 18 424 726 727 42 171 11 728 5
0	16 17 18 470 87 1843 220 1844 1845 1846 5
0	16 17 18 242 20 1847 5 1741 5
0	6 7 41 40 11 1504 5
0	6 1135 1410 26 1848 336 90 336 1459 26 1848 5
0	6 7 1849 383 285 336 57 11 18 918 459 18 288 1850 5
0	6 7 1851 20 976 195 46 1852 1853 1227 859 5
0	6 7 1854 20 271 967 1410 336 538 87 85 90 336 26 1400 967 5
0	6 7 1855 37 18 1856 1857 796 1858 177 486 859 562 5
0	6 7 1859 24 25 26 1860 5
0	16 323 20 26 324 220 325 17 326 327 5
0	6 77 582 1545 336 1861 11 814 1131 18 62 815 5
0	6 7 363 24 25 18 364 87 5 365 5 5
0	6 7 1862 1863 34 35 11 18 424 5
0	6 84 79 85 86 18 1864 1865 1866 90 24 91 1867 5
0	6 7 41 433 1868 5
0	6 84 79 85 86 587 1869 90 1870 5
0	6 7 1456 34 35 11 26 1871 5
0	6 7 1872 1873 9 35 5
0	6 885 17 18 1766 5
0	0 1 1874 1875 4 5
0	6 7 1876 1877 1878 34 35 5
0	6 77 78 37 18 1189 1190 66 175 1146 5
0	6 7 340 1879 271 1880 1047 310 5
0	6 7 1881 79 1882 5 1883 1884 5
0	6 77 11 297 17 26 1885 1886 414 5
0	0 1 1887 4 5
0	6 84 227 1 18 1888 1889 1890 1891 1131 18 1892 1893 5
0	16 17 18 216 20 18 506 95 507 18 345 20 508 11 509 5
0	6 7 587 1894 20 853 1014 34 35 5
0	16 17 796 797 220 700 344 5
0	0 37 1895 1896 162 5
0	6 1000 34 633 410 1897 5
0	6 77 37 561 1755 177 1898 11 1756 5
0	16 220 18 140 247 248 87 249 250 11 18 251 5
0	16 62 37 973 1899 162 5
0	0 37 18 199 432 1591 287 5
0	6 7 41 504 500 18 1900 1901 11 1902 5
0	6 7 1456 34 35 11 26 1871 5
0	16 17 18 304 1220 20 26 1903 5
0	6 7 1904 52 34 35 11 18 42 5
0	0 1 18 199 1234 201 20 196 197 1619 5
0	6 77 37 18 146 1079 1905 1906 87 11 1907 5
0	16 17 18 231 74 232 20 233 234 5 235 5
0	6 7 1908 1909 34 35 11 1910 853 1911 559 62 5
0	1912 236 488 489 1913 482 7 128 5
0	16 17 18 146 222 20 18 387 5
0	6 7 20 449 34 11 1914 1915 5
0	6 7 297 34 35 790 1916 1917 5 733 74 1918 5 1919 5
0	6 7 1881 20 853 1014 79 1920 1921 220 172 5
0	6 7 1922 79 1923 1924 172 177 502 1925 5
0	6 885 1 18 1926 616 1927 5
0	16 17 18 242 20 1723 5
0	6 77 37 629 100 500 1928 66 1673 5
0	6 7 1929 24 25 18 1930 5
0	6 7 1931 34 35 11 26 1932 1933 5
0	6 7 1625 1934 105 18 1348 579 90 1935 177 26 343 1936 5
0	16 1 18 490 491 11 492 5
0	0 17 18 1937 1938 1939 1281 90 18 1940 1596 11 1941 518 5
0	6 77 37 471 472 1942 90 1906 486 473 474 475 90 18 1943 1309 87 5
0	6 7 41 1291 5
0	6 7 41 504 177 170 299 1944 11 1945 5
0	16 17 788 822 220 1946 5
0	6 7 41 504 11 18 287 288 5
0	16 62 37 1947 125 26 772 5
0	0 1 18 1948 1949 5
0	6 7 1950 1951 18 132 5
0	6 7 1952 79 18 304 241 499 500 379 87 26 1953 5
0	6 84 108 413 172 90 40 11 26 1954 90 1955 5
0	6 711 17 18 159 160 5
0	16 17 18 1015 20 1016 5
0	6 7 1500 79 1956 172 5
0	16 371 20 18 42 220 1195 74 1957 52 383 336 57 11 18 1958 1959 5
0	6 7 1017 1960 1018 79 1961 172 5
0	6 7 1962 20 1963 9 1964 11 18 381 1372 1428 222 5
0	0 1 18 245 1965 1966 5
0	6 7 1427 20 308 79 85 86 26 1261 90 92 26 1967 1224 5
0	6 7 453 79 18 1968 1969 74 1970 559 222 5
0	16 220 18 1971 248 20 1972 314 1973 5
0	6 7 1952 79 271 1974 172 5
0	6 7 1975 1976 25 26 1977 87 1978 1834 1979 5
0	16 1 18 1980 1981 1220 87 26 1982 5
0	16 17 480 481 220 646 5
0	6 7 1983 20 571 572 18 345 20 508 5
0	1557 482 7 432 34 285 286 87 66 18 287 288 5
0	16 17 18 599 600 20 1825 5
0	0 34 18 1984 1985 1986 11 1987 5
0	0 1 1988 220 146 1989 1990 193 5
0	16 34 18 836 20 837 838 90 839 5
0	16 17 18 598 20 78 1991 87 1992 812 26 809 177 26 813 5
0	6 711 17 18 217 1993 5
0	0 37 18 749 1923 1924 1657 195 1994 18 120 5
0	6 7 588 34 35 11 18 42 5
0	6 7 45 46 47 48 17 1995 1996 5
0	6 77 1617 413 1997 26 1998 1999 87 11 2000 5
0	16 17 18 2001 638 20 18 804 689 5 804 1395 5 74 804 268 5
0	6 77 2002 17 18 163 2003 2004 2005 686 1131 18 947 2006 20 2007 2008 105 18 2005 1233 66 2009 5
0	6 77 108 694 2010 1471 100 5
0	6 7 765 20 2011 79 26 2012 172 5
0	16 17 18 42 242 1245 20 2013 5
0	6 7 2014 34 35 11 18 2015 2016 5
0	6 7 1228 20 26 2017 1617 336 2018 11 18 424 2019 14 202 203 1558 5
0	16 17 18 304 19 500 389 2020 70 2021 25 1126 2022 2023 5
0	6 7 1975 34 11 18 2024 2025 5
0	6 7 2026 674 1617 1349 11 91 2027 2028 5
0	16 17 18 993 1318 87 488 2029 5
0	6 84 79 18 304 2030 2031 40 5
0	16 220 1341 220 1342 177 26 1343 1344 613 5
0	6 7 171 34 35 5
0	6 7 2032 34 11 268 636 5
0	0 1 18 146 2033 238 2034 87 26 488 5
0	6 7 2035 24 26 2036 5
0	6 7 453 399 2037 2038 2039 26 2040 87 18 54 2041 5
0	16 34 877 2042 105 954 5 2043 316 337 5
0	60 937 5 123 222 20 18 387 37 1126 2044 177 5
0	6 7 140 284 34 2045 11 170 881 5
0	6 7 48 872 318 579 17 18 304 2046 20 18 53 147 20 879 5
0	6 84 227 37 18 2047 2048 2049 66 18 1507 5
0	6 77 37 1659 1567 2050 2051 2052 87 2053 2054 5
0	0 1 18 2055 193 5
0	6 84 79 26 1610 220 1445 199 5
0	6 7 2056 172 455 2057 87 2058 11 18 2059 823 5
0	16 34 18 934 935 87 18 107 936 74 937 5
0	6 7 45 2060 34 2061 1774 11 369 29 5
0	6 7 297 20 2062 34 11 477 2063 5
0	6 2064 17 26 206 5
0	16 17 18 2065 344 20 417 541 177 1813 87 1746 91 310 5
0	6 7 1013 20 2066 2067 17 2068 90 24 91 396 20 2069 5
0	6 483 17 18 1277 5
0	0 79 18 398 824 18 1773 1669 5
0	477 758 759 11 61 62 1372 760 761 90 125 763 5
0	6 7 41 162 20 694 2070 5
0	6 1148 402 18 1734 336 500 359 360 361 362 5
0	6 7 41 79 2071 2072 11 18 424 5
0	6 77 2073 402 271 241 1354 172 1030 5
0	0 1 1205 4 5
0	16 17 18 242 20 18 217 2074 1739
0	6 885 1 18 1926 2075
0	6 7 297 17 85 66 2076 90 1439 5
0	6 711 17 18 1277 2077 5
0	6 7 106 79 26 2078 172 5
0	6 483 1 2079 1573 2080 500 1837 2081 2082 2083 5
0	16 1598 1599 1510 18 728 1600 11 18 344 87 84 1601 826 5
0	6 7 453 872 318 2084
0	6 7 176 34 35 87 2085 41 5
0	0 1 18 146 2086 1824 2087 1233 5
0	0 37 327 125 2088 5
0	6 7 1851 20 437 79 85 86 90 437 18 1752 1575 1753 5
0	0 79 2089 70 5
0	6 2064 17 26 206 5
0	16 17 18 520 344 20 271 521 5
0	6 483 1 2090 2091 500 1837 504 5
0	6 7 2092 2093 11 18 287 203
0	6 77 274 79 18 2094 20 271 1307 86 5
0	6 2064 17 26 206 5
0	0 37 18 499 20 5 18 2095 5 146 1934 11 2096 949 5
0	6 7 41 1804 18 1040 559 972 5
0	16 972 20 18 62 17 35 2097 1289 11 2098 5
0	16 17 18 566 934 239 11 18 424 5
0	0 1 18 146 164 66 18 2099 631 90 18 2100 631 2101 5
0	6 392 383 26 2102 195 5
0	6 77 37 26 2103 220 2104 100 11 2105 5
0	6 7 9 11 2106 507 18 2107 2108 5
0	6 84 402 413 2109 88 2110 2111 2112 2113 5
0	6 7 41 37 210 419 211 1213 5
0	6 7 58 1236 34 35 11 18 191 192 5
0	0 1 18 194 147 524 5
0	0 1 2114 1898 2115 177 1289 74 2116 5
0	16 402 18 358 336 2117 507 2118 359 360 361 362 5
0	6 7 417 541 37 1874 1875 416 11 502 2119 5
0	6 7 1456 34 35 11 18 2120 5
0	0 37 44 2121 2122 18 381 5
0	6 7 1341 504 2123 18 2124 1753 5
0	6 84 108 413 172 90 2125 80 2126 459 2127 397 2128 2129 5
0	6 7 2130 79 26 755 172 5
0	0 1 2131 1409 5
0	0 37 788 1323 5 2132 2133 2134 5 74 255 2135 1313 162 5
0	6 7 284 9 139 11 18 199 1711 1090 1131 18 191 192 20 640 5
0	6 7 2136 2137 462 18 2138 18 2139 2140 2141 1100 949 5
0	60 123 62 37 1652 2142 2143 502 2144 501 2145 5
0	16 62 1 18 968 87 140 2146 5
0	0 37 18 1143 20 2147 70 5
0	6 77 37 18 2148 2149 100 5
0	6 7 898 2150 2151 172 455 1519 5
0	0 37 2152 2153 519 11 2154 5
0	6 7 2155 34 35 177 26 820 821 530 5
0	6 7 41 40 11 2156 5
0	0 37 973 2157 162 5
0	6 7 1418 37 2158 2159 2160 11 18 2161 2162 1420 5
0	16 17 18 358 2013 5
0	16 17 18 358 87 2163 5
1	16 2164 424 772 2165 18 389 2166 5
1	16 17 18 2065 2167 11 18 191 192 5
1	2168 792 850 2169 2170 2171 5
1	725 108 18 2172 20 5 477 2173 2174 2175 5 86 98 5
1	16 1146 108 18 2176 2177 2178 90 5
1	16 424 772 1547 656 47 2179 5
1	725 17 18 2180 5
1	16 1146 220 2181 17 2182 5
1	2168 1739 399 18 2183 2184 1245 26 2185 105 904 905 5
1	16 34 18 176 20 18 2186 2187 11 2188 5
1	16 95 20 976 79 18 2189 254 1970 1100 5
1	16 1146 37 18 2190 977 87 268 5 188 2191 2192 2193 2193 2193 5
1	16 17 18 2194 87 18 772 20 253 5
1	16 1146 37 616 2195 1733 5
1	16 1146 220 706 2196 2197 1366 17 1459 2198 5
1	16 424 772 17 2199 2200 11 5
1	725 17 18 2065 2201 11 1723 5
1	725 79 2202 2203 195 90 308 459 1837 2204 2205 1994 11 18 5 2206 5 1165 2207 5
1	16 34 18 42 220 563 447 5
1	725 177 18 2208 383 204 888 26 2209 2210 781 2211 90 18 1828 2212 2213 5
1	725 383 204 888 26 2214 20 5 2215 5 2216 2217 74 2218 2219 402 2220 5
1	725 17 18 2221 5
1	16 1739 2165 2222 220 2223 5 177 18 2224 20 18 2225 2226 5
1	16 792 170 140 171 108 2227 1649 2228 5
1	725 17 18 2229 752 764 5
1	16 2230 5 2231 1555 2232 17 2233 630 20 18 2234 2235 5
1	725 34 18 2236 2237 5
1	16 17 18 448 20 18 1739 418 480 481 1111 11 5
1	725 383 204 888 2238 2239 177 482 90 983 26 2240 2241 2242 5
1	16 1146 2243 1915 220 2244 2201 5
1	725 17 18 2245 2235 5
1	16 1739 17 2246 1459 2247 5
1	16 171 172 18 217 2248 20 2249 5
1	16 170 140 1739 399 18 42 220 2065 1691 2250 2251 5
1	16 792 2252 171 2253 18 203 20 140 2254 1726 18 446 5
1	16 17 18 448 20 18 2255 1848 11 18 42 5
1	725 383 204 888 26 2256 20 2257 177 2258 148 11 26 769 2259 5
1	725 1 2090 2091 4 5
1	16 785 786 2260 2261 11 2262 5 2263 5 105 18 2264 20 2265 1111 5
1	16 2252 1739 108 2266 40 11 5
1	16 17 814 220 2181 5
1	16 2252 1146 17 417 90 18 2267 1739 20 2268 5
1	725 1 2269 2270 4 5
1	16 2271 37 18 2272 701 2273 2274 5
1	16 1739 37 18 2206 40 11 5
1	16 2275 108 18 2276 2277 546 175 417 777 11 5
1	16 772 17 898 1321 1323 2278 11 5
1	16 424 772 399 271 2279 2057 87 85 5
1	16 17 18 2280 728 20 18 622 1556 5
1	725 383 204 888 26 5 2281 2282 5 2283 5
1	16 17 2284 220 2285 5
1	725 383 204 2286 1552 177 2287 1429 5
1	16 2288 17 18 217 11 18 42 5
1	2168 1739 37 2289 2290 2291 90 2292 66 18 2293 5
1	725 79 2294 1097 66 5
1	725 383 204 888 26 2295 177 2296 105 2297 2298 2299 20 492 5
1	16 2056 1642 790 18 2300 74 1170 2301 5
1	16 220 18 1426 2302 2303 2304 2305 90 132 5
1	725 17 2306 1146 2307 5
1	16 170 2308 1739 17 2093 1131 2309 1828 2310 5
1	16 1 18 2065 1848 177 801 406 196 2083 1 2311 5
1	725 1 18 2312 880 5 2313 5 5
1	16 1146 220 41 34 18 804 1289 2314 5
1	16 2315 1596 399 455 2316 477 2317 1582 517 11 18 202 5
1	725 1410 26 309 2318 2319 90 336 2320 90 2321 18 370 5
1	60 123 424 772 1 18 146 487 2322 135 5
1	16 17 18 2065 2323 11 1915 5
1	725 17 2324 5 2325 2326 11 18 424 5
1	16 2235 399 455 1459 477 2327 20 2328 5
1	725 220 18 2329 613 177 26 1344 1747 5
1	725 383 204 888 26 403 220 2285 66 26 343 344 5
1	725 37 2330 2331 83 502 2332 1285 5
1	16 1146 37 616 2333 2334 956 46 66 2335 90 2336 5
1	60 123 728 20 18 42 1 18 2337 22 203 209 5
1	16 17 18 2338 1374 2339 66 132 5
1	725 108 2340 40 5
1	16 424 1739 17 477 926 20 18 2341 5
1	725 383 204 888 580 18 804 268 2342 5
1	16 1 1244 1245 18 2343 351 5
1	2344 2310 17 2307 11 123 1739 5
1	16 1146 399 18 217 552 242 5
1	16 1146 17 18 42 220 217 2345 20 2346 5
1	16 1146 399 18 389 274 1092 5 105 2128 5
1	16 1739 17 2347 2310 11 5
1	16 17 18 217 1739 177 18 53 2348 5
1	16 1739 2349 2350 87 486 2351 2352 5
1	16 2353 2354 399 26 448 2355 5 2356 20 18 2357 5 5
1	725 383 2358 336 2359 1429 5
1	725 108 41 1848 2360 11 2361 5
1	16 34 18 2362 1310 5
1	725 177 18 2208 383 204 83 826 2363 18 2281 2364 177 18 140 722 20 1093 5
1	16 424 772 2365 2366 90 18 630 5
1	725 37 18 2367 20 2368 2369 2370 5
1	16 1739 17 2093 1131 2347 1828 2310 5
1	16 2371 2372 90 2188 5
1	725 17 2324 5 2325 2373 11 18 424 5
1	16 17 18 321 2285 20 18 2214 20 2374 2375 20 1228 20 18 2041 20 2376 5
1	725 17 18 2377 2378 2379 90 2380 5
1	16 1 18 2381 1146 413 9 1372 90 2040 1100 733 66 11 2382 5
1	60 16 1739 675 772 108 18 389 2383 1341 40 11 5
1	725 383 204 888 18 1795 2384 2385 87 2386 2363 1673 5
1	16 17 722 723 20 2131 2387 2285 5
1	16 2353 1739 2165 18 2388 2389 5
1	725 17 2390 5
1	16 220 18 2255 2123 11 63 1645 517 5
1	725 383 204 888 826 177 18 2391 2392 74 2393 2394 11 2395 351 5
1	16 17 18 2065 1848 11 18 42 5
1	16 2396 383 413 1204 66 18 2397 50 2398 1646 5
1	2168 2399 108 413 2400 88 2401 90 1745 18 2402 5 2403 675 2404 5
1	2168 17 18 2405 1146 11 18 42 5
1	2168 1146 17 1676 220 217 1700 2406 5
1	725 17 18 346 2407 2408 2307 5
1	16 17 18 2409 2410 74 2411 2412 772 5
1	725 34 18 2413 303 2249 2414 5
1	725 1 929 955 5
1	16 1739 1 788 2415 2416 2417 11 5
1	16 1739 399 18 42 220 945 2418 1366 5
1	16 34 18 2419 389 2420 1504 11 18 42 5
1	16 2421 17 2422 11 5
1	725 17 18 2189 5
1	16 17 18 945 98 448 11 18 424 5
1	725 79 2423 2424 2425 90 983 26 2426 5 558 423 2427 5
1	725 383 204 888 2428 2429 87 2430 2431 2432 2433 5
1	16 2434 1146 399 26 2435 20 1061 87 2436 5
1	16 1739 17 18 968 87 2437 220 1382 2438 2439 5
1	725 17 1120 2307 5
1	16 1739 2440 18 424 2441 20 2324 74 2325 5
1	16 17 18 2442 1146 11 1915 5
1	725 17 2443 2444 5
1	725 383 204 888 18 176 20 1313 18 1393 2445 5
1	16 772 79 2446 2447 40 11 5
1	16 34 18 2448 171 5
1	725 220 18 2449 1258 5
1	725 17 2450 2451 5
1	16 772 11 18 424 399 18 389 2092 5
1	16 17 18 1739 11 61 480 481 1111 1459 5
1	16 17 18 2183 2452 177 18 2208 5
1	16 220 18 945 2226 11 18 42 5
1	16 1848 2453 17 2454 1131 18 2065 164 11 18 42 5
1	725 34 18 2409 564 2455 2456 11 2457 2458 5
1	16 220 18 2459 2226 20 1044 5
1	16 17 2460 2461 220 2462 1146 5
1	2463 18 217 1146 11 170 640 5
1	16 1146 34 2464 2465 66 5
1	16 424 772 266 18 578 2466 5
1	16 235 1739 2467 486 448 66 18 2015 87 5 436 5 5
1	16 1146 37 18 2468 254 2370 11 5
1	16 1146 399 18 1795 2469 2470 11 18 530 310 2471 5
1	16 792 171 2472 18 2473 2474 5
1	60 123 1739 17 18 2441 20 2475 2476 5
1	725 383 204 888 826 177 2090 2477 5
1	16 220 18 2478 2479 11 18 42 5
1	725 17 2347 2310 5
1	16 17 18 772 2194 20 253 5
1	16 220 18 448 20 18 2480 418 17 2307 2481 18 2181 1739 20 2482 5
1	725 17 18 1217 5 2483 1113 5 2278 5
1	725 383 204 2286 26 2484 2485 87 2486 318 2487 5
1	16 840 2488 17 18 417 20 446 2489 5
1	60 123 1739 17 18 2490 197 2491 220 2492 5
1	725 17 2493 345 5
1	16 2494 17 2495 2307 11 5
1	16 17 18 2183 2452 177 18 2208 5
1	16 1146 2496 1313 18 595 2497 594 11 2498 5
1	16 17 1635 220 2499 177 18 2024 2500 5
1	16 34 18 2381 792 850 418 2501 18 2502 207 665 11 175 2179 5
1	725 17 2503 5
1	16 34 2186 2187 11 2188 5
1	16 1961 1739 2504 486 433 2505 5
1	725 37 873 2506 2370 5
1	16 792 171 5 2507 1649 18 2171 20 2508 5
1	16 2252 2181 724 486 579 5 2509 2510 11 2511 5
1	16 1146 1 18 968 20 2512 2513 2514 2515 5
1	60 123 772 1 18 146 2516 1960 1409
1	16 1146 11 2517 640 17 18 217 91 5
1	496 61 1249 2479 17 223 224 5
1	16 1739 17 2518 2519 2057 87 5
1	16 2235 399 18 2065 2520 2521 5
1	16 792 171 2522 2523 2315 2056 5
1	16 2524 220 448 2525 177 18 2526 1689 2527 20 26 2528 876 5
1	725 383 204 83 826 74 935 177 171 74 1310 5
1	725 383 204 888 26 2214 20 1313 18 1668 11 640 418 1884 26 214 384 101 2529 5
1	16 1146 1 1912 2530 1403 90 2531 2532 5
1	725 383 204 2286 26 2533 1496 18 2534 2535 2536 66 2537 2538 5
1	16 17 18 2539 2540 417 2541 5
1	16 2542 2543 20 18 42 17 18 2544 2545 809 2462 90 5
1	725 383 204 888 826 2363 2546 18 2547 5
1	725 383 204 888 826 177 18 2548 418 416 63 773 177 2549 5
1	725 1 868 822 500 2550 2551 762 136 5
1	16 34 18 217 2552 11 18 42 5
1	16 1146 74 2553 1324 17 1244 1245 477 2554 2555 5
1	16 2123 2556 442 17 1484 177 18 80 20 18 2557 2435 5
1	725 17 2558 751 2307 5
1	725 1 18 146 1221 5
1	725 383 204 888 2559 2560 2561 20 2562 5
1	16 17 2452 20 18 1828 1893 20 2563 5
1	725 34 249 20 18 689 2065 2056 11 18 42 5
1	725 383 204 2564 507 26 2565 1806 5
1	16 17 91 20 18 1504 418 18 345 20 2566 17 2307 11 5
1	16 17 18 389 2567 377 177 18 2208 5
1	16 17 18 42 220 2065 2323 5
1	725 17 2568 2444 5 193 1131 2569 2415 2570 2568 5
1	16 220 18 217 424 1739 177 18 53 2348 5
1	16 2271 2571 2572 74 2573 5
1	16 1146 2574 2575 5 1567 2576 74 2577 1245 2578 5
1	725 383 204 888 2579 20 2580 2581 2363 18 2296 105 2297 2298 2299 5
1	725 17 2582 2583 5
1	16 2288 79 2584 1649 5
1	16 1146 17 2585 26 2049 20 5
1	2586 2587 123 1739 18 346 2407 2408 17 2481 5
1	16 17 722 2588 220 2374 2285 5
1	16 220 18 2244 424 772 2060 66 629 5
1	2463 271 1143 2589 11 63 1645 5
1	16 2123 34 446 2590 2591 11 5
1	16 1146 1 146 90 499 18 2592 1245 26 2593 20 288 5 1726 18 2594 11 2595 5
1	16 17 18 2181 20 2596 2597 5
1	16 2524 17 2598 177 5
1	16 424 772 399 18 389 2599 5
1	16 1739 17 1000 1459 477 2600 2601 20 18 202 5
1	16 1146 1 2079 1573 2080 4 11 5
1	16 1739 1 898 1321 1323 1794 87 136 11 5
1	725 37 18 355 20 18 2602 86 98 5
1	16 772 2559 20 2067 74 2603 1 18 2604 11 477 2605 20 2606 5
1	16 17 18 2255 2123 11 1723 5
1	725 17 2475 2476 220 2441 5
1	16 1146 220 2244 1739 17 2607 5
1	16 2608 79 2609 5 2091 5 2610 5
1	16 346 1739 2611 2612 477 2407 2613 20 640 5
1	16 2252 1146 2165 18 1739 20 2614 5 57 1009 18 2301 2615 74 2616 2617 5
1	16 424 772 17 2618 2619 11 5
1	725 1 18 2620 880 5 2313 5 5
1	16 17 18 217 2621 2622 11 18 42 5
1	725 17 18 2623 20 18 2624 752 5
1	16 34 18 1598 2625 5
1	2168 1146 17 1244 1245 5 245 2626 5 5
1	16 220 18 417 20 18 2627 5
1	725 383 204 888 1313 18 826 204 634 90 2628 2363 18 2629 1783 203 5 2630 5 5
1	16 17 18 2452 87 18 823 2259 5
1	16 424 772 399 18 2631 2632 5
1	16 772 220 417 90 18 2633 722 2634 2613 5
1	16 17 18 217 2635 2636 11 1643 5
1	725 79 18 2368 2637 1294 70 74 519 5
1	2168 1739 11 1153 17 18 2638 5
1	725 17 18 2639 20 2640 5
1	16 108 1833 701 18 2641 652 2642 18 804 20 18 2643 2644 5
1	16 1146 220 2181 17 2645 5
1	725 79 1112 2646 220 2647 86 98 5
1	725 383 204 83 826 2363 2648 2649 5
1	725 37 2650 1733 5
1	16 2651 1146 17 2652 66 2653 5
1	16 44 2354 2654 90 336 477 2655 20 2656 5
1	16 171 172 18 217 1777 2657 11 18 42 5
1	16 1739 17 2658 1131 2659 11 477 970 2660 5
1	16 17 18 1795 2661 87 2662 11 18 1146 5
1	16 2636 17 2663 177 5
1	16 17 18 217 2636 11 298 640 5
1	16 1739 675 772 108 18 389 2383 1341 40 11 5
1	725 34 1313 2252 74 140 2664 4 5
1	16 1 18 146 1178 90 336 2665 11 2666 5
1	16 772 399 18 945 53 2348 2667 5
1	16 424 772 2668 105 26 2669 5
1	16 34 18 217 2670 11 18 424 5
1	16 1146 2165 18 389 2671 5
1	16 2672 2673 1 146 861 11 18 2674 2675 20 18 1980 220 5
1	725 383 91 888 1120 5
1	60 123 1739 17 18 424 2676 20 2254 2307 5
1	16 2677 1 643 2678 5
1	16 17 337 2679 11 2188 5
1	725 17 2368 2680 5
1	16 1739 17 57 11 18 1739 20 2681 5
1	16 2682 772 2683 2236 5 2684 721 297 5
1	60 123 772 1 35 271 2128 2685 975 2686 2687 5
1	16 1146 37 18 2688 2272 2689 90 1245 2690 5
1	16 1739 11 18 424 2691 18 389 731 2692 5
1	16 947 2488 2693 105 2490 2694 2695 74 2696 5
1	16 1146 34 413 11 415 413 2697 11 18 2698 2699 5
1	16 170 140 1739 2700 18 2701 2702 2703 74 2704 5
1	16 2705 1739 108 2706 701 477 2707 20 2708 5
1	16 2479 1309 2243 773 5 2709 5 2710 74 2711 5
1	725 1 1194 146 2311 5 2712 486 448 5
1	16 1146 17 18 968 87 1468 2713 2714 220 477 2715 74 18 2716 5
1	16 17 18 859 2065 1848 2323 11 18 42 5
1	16 220 18 42 220 217 2717 5
1	16 142 2252 171 70 105 18 173 1912 5
1	16 220 18 42 220 945 2718 2719 5
1	16 2434 1739 2165 18 42 220 2720 29 2721 5
1	16 9 18 146 142 1504 90 172 26 242 20 872 318 26 2685 5
1	16 2722 2243 18 839 2723 74 2724 5
1	16 2490 840 2725 2726 1 2727 26 2728 2729 5
1	725 37 1837 83 18 2730 5
1	725 383 204 888 26 621 2214 20 1395 90 1396 173 2014 5
1	725 79 2731 2732 40 5
1	725 17 18 2733 2734 5
1	16 2735 2479 17 2246 1459 1582 376 5
1	725 17 2736 5
1	725 383 204 888 18 2210 87 18 2209 5 2737 2738 2739 5 66 18 2740 5 2741 5 5
1	16 867 1739 762 18 417 20 18 640 220 2742 5
1	16 2226 79 18 2743 2744 1640 2745 5
1	16 17 26 2746 377 418 204 383 2747 2748 579 5
1	725 37 2749 2750 146 767 1316 2751 148 11 2752 5
1	16 17 2090 2753 220 2374 2285 5
1	16 2754 1739 17 18 2755 1596 87 2357 1915 5
1	16 563 424 850 172 1149 2756 5
1	16 34 18 2720 2757 2166 5
1	16 34 18 42 220 142 217 447 5 11 1682 20 216 5
1	725 177 18 2208 383 204 888 826 177 2758 2759 5
1	16 1739 17 2246 1459 477 2760 20 1440 5
1	725 37 2761 2370 5
1	725 383 204 888 826 2363 2762 2763 5 2764 66 2765 5
1	16 9 18 1504 20 2766 220 1912 2767 20 2768 2769 5
1	16 171 172 18 1795 2770 571 5
1	725 37 2771 2772 2773 2774 5 2775 4 2776 5 195 90 565 5
1	16 792 171 11 170 640 34 2777 5
1	2168 1146 37 293 1733 5
1	477 2624 752 17 11 123 1739 5
1	16 772 1 2778 1639 4 11 5
1	16 772 2779 18 1795 452 90 832 5
1	16 1500 2467 175 448 66 18 2015 2780 2781 5 2355 2782 976 5
1	16 1 18 2677 20 643 2678 5
1	16 17 18 448 20 18 1146 61 293 2783 5
1	725 383 204 83 424 2784 935 5
1	16 220 18 2181 20 2785 5
1	16 17 18 424 2786 2787 2452 87 2788 2789 2790 1863 5 2791 5 5
1	725 17 18 2792 2551 2389 5
1	16 34 18 689 217 1504 11 18 424 5
1	16 17 1553 1554 220 2374 2285 5
1	16 2677 9 18 2793 41 1160 504 11 18 330 2794 20 2795 5
1	16 17 18 448 20 18 2796 418 18 2797 40 177 5
1	16 2271 2798 18 2799 2177 5
1	16 2288 1 2800 2801 2802 46 500 460 2803 5
1	16 1146 2393 318 531 2804 2805 11 1687 2806 5
1	16 17 18 217 424 772 2099 20 18 253 5
1	16 814 2235 17 2316 2807 2808 5
1	725 108 18 2809 2810 175 1434 5
1	16 2651 1146 1 1025 1131 2811 140 2812 11 2813 5
1	477 2624 752 17 2307 11 123 1739 5
1	16 220 18 2814 1374 90 132 5
1	725 17 2815 2373 5
1	16 2796 99 413 1804 90 1204 2816 5 1847 5 74 2817 5
1	725 17 2818 5
1	725 17 18 2819 20 18 2820 5
1	725 37 18 1301 20 2821 2370 5
1	725 34 18 495 2822 5
1	725 79 18 2823 2824 20 18 2825 799 2826 2370 66 5
1	725 79 18 424 83 389 20 486 739 5
1	16 1146 5 459 1153 74 1508 5 17 1426 90 18 424 5
1	16 1146 399 455 1459 477 926 20 18 2827 5
1	725 383 204 888 26 2452 418 2828 2829 20 2484 2830 5
1	16 772 399 18 389 2392 5
1	725 37 615 2831 502 5 2832 2833 5 5
1	16 2226 17 2834 2278 2642 5
1	725 17 2835 751 5
1	16 2226 2836 94 1517 5 2837 74 2838 5
1	2168 728 2779 18 578 2839 1035 5
1	16 17 18 217 1739 11 18 42 5
1	16 34 1635 220 792 945 2301 5
1	16 1146 2683 249 5 2840 5 2841 721 297 5
1	60 61 772 34 18 2491 2842 895 2843 5
1	16 17 18 2183 2844 2845 11 18 42 5
1	725 172 18 389 2846 2847 455 57 5
1	16 2479 399 26 2848 1459 477 2849 507 17 144 2850 5
1	16 2735 2479 17 2851 20 2390 5
1	725 383 204 888 989 2852 20 5 2853 2854 5 5
1	16 17 18 401 2412 772 11 18 823 11 1945 5
1	725 79 18 1382 1324 2855 2856 1097 66 5
1	725 383 204 2857 2363 2858 2859 5
1	16 424 772 220 2720 2636 17 2860 2861 2862 5
1	16 772 17 2863 1853 2307 11 5
1	725 17 18 2624 752 5
1	16 2864 2181 17 193 177 2865 2866 1500 5
1	725 17 18 2867 2006 2307 5
1	16 108 389 2372 1804 11 2188 5
1	16 191 192 1739 2779 18 389 2686 5
1	16 1 18 2381 1146 11 18 2868 2869 90 257 18 2870 2871 20 18 2161 2872 1420 5
1	60 123 2049 20 1915 17 1120 2307 5
1	725 17 2714 220 2873 5
1	725 383 204 888 2874 826 2363 2875 5
1	725 220 18 2876 2694 2877 5
1	16 772 1 2057 18 2878 2879 772 5
1	16 34 1313 18 144 850 20 18 191 192 5
1	725 37 722 723 195 90 1960 5
1	16 2722 17 1244 1245 477 2880 2881 5
1	725 383 204 888 18 949 20 18 2882 2016 5
1	16 772 17 196 2416 11 5
1	725 17 2820 2883 5
1	16 2434 1146 2727 2884 90 18 1301 20 1932 2885 5
1	16 1739 17 2481 18 2886 20 18 1958 5
1	725 37 18 2887 40 5
1	16 1800 151 2888 399 2093 1245 26 2889 5 2890 5 2891 5 2892 2893 5 2894 5 2895 2427 74 2896 406 2897 271 1143 2845 5
1	725 1 5 204 172 2898 5 74 204 383 2899 83 25 5 2379 146 5
1	725 37 18 2139 2140 24 175 146 562 5
1	16 17 18 2900 1739 11 18 424 5
1	16 170 140 2181 17 18 42 220 2065 5
1	2463 26 745 288 2901 5
1	16 2490 2902 20 1273 17 26 2903 2904 93 2905 18 2906 2907 66 2908 5
1	2168 2524 399 18 389 2909 5
1	16 34 18 563 217 1848 2910 177 18 2434 2524 5
1	725 11 18 398 79 85 2911 2363 2912 1216 220 2140 74 2913 5
1	16 1146 2165 18 2914 2201 11 2059 590 5
1	16 1146 1 2915 2916 271 2917 2918 20 5
1	725 37 18 2218 1981 2919 20 2920 2249 2921 86 98 5
1	16 772 2181 2922 199 2923 5
1	725 17 1800 2924 2925 2926 5 1462 2640 5 329 5
1	16 17 18 2927 1596 20 18 424 2928 629 74 2929 5
1	16 1146 399 18 2930 20 2931 5
1	16 17 18 2285 87 18 1751 2932 903 11 2933 5 1437 5
1	725 17 2934 2307 5
1	16 1739 37 18 2935 882 1245 175 2441 11 2813 5
1	16 792 171 34 2936 1131 18 2937 2474 5
1	253 399 123 448 87 26 772 2194 5
1	16 424 1739 1 2057 87 197 2938 20 2939 5
1	725 383 204 83 26 2940 20 2941 2570 2942 5
1	16 17 18 2943 2226 20 484 5
1	16 2636 17 18 825 20 18 54 2468 5
1	16 34 1313 18 2301 11 590 5
1	16 220 18 2944 1146 11 18 42 5
1	60 123 1146 17 2945 5
1	16 17 18 2181 20 2946 5
1	16 1739 11 1741 17 2947 202 11 5
1	725 79 18 2948 1374 2460 2461 1097 66 5
1	16 2524 2949 25 18 2950 2951 1848 2453 5
1	16 17 18 217 1739 11 531 5
1	16 2848 2243 2952 254 74 2953 1853 5
1	16 220 18 217 2479 11 18 2954 2955 5
1	16 63 376 772 2956 18 343 728 1600 2957 5
1	60 123 2421 17 2958 1961 5
1	16 1739 2959 18 146 2162 1420 11 2960 5
1	16 2235 1146 2365 2961 2962 5 1089 74 18 2963 2964 5
1	725 34 18 2441 20 2965 2966 5
1	725 383 204 888 2967 177 2968 1130 1580 177 2969 2970 2971 5
1	725 37 18 2972 2392 40 5
1	725 1 2714 4 5
1	725 37 2973 338 162 5
1	16 1 18 2255 2123 11 640 11 2974 5
1	16 63 2975 2976 2977 2978 90 1955 146 11 424 2979 2980 5
1	725 108 18 2981 74 2982 2983 40 5
1	725 17 18 42 2984 1447 809 2985 1493 559 2986 5
1	725 17 88 2987 2988 5
1	0 2674 2989 90 83 1432 66 85 1313 5 1009 79 1837 195 5
1	725 383 204 83 2990 2991 2345 2992 5
1	16 2993 79 18 124 2994 1753 848 5
1	725 383 204 888 26 2995 2529 87 2996 18 2997 1366 2998 90 140 116 5
1	725 37 2090 20 18 2999 40 5
1	725 108 204 888 826 87 3000 3001 177 18 2208 5
1	2168 2517 140 1146 17 18 217 5
1	16 1 18 1800 3002 20 3003 3004 11 3005 5
1	16 1146 3006 581 457 20 18 42 220 3007 3008 5
1	16 1146 17 18 3009 20 18 3010 18 3011 5
1	725 17 18 2720 3012 5
1	16 1146 3013 3014 219 486 1019 11 3015 5
1	16 3016 3017 988 90 2276 5 1741 5
1	16 2490 2226 2836 94 3018 5
1	725 383 91 888 826 177 3019 74 3020 5 18 633 74 3021 5
1	16 3022 1227 3023 507 3024 895 2408 5
1	16 1146 2243 18 2065 2201 11 170 640 5
1	16 2722 3025 26 3026 105 3027 74 3028 5
1	16 2353 2354 399 26 448 2355 5 2356 20 18 2357 5 5
1	16 2643 2879 3029 2571 298 640 220 3030 74 3031 2301 5
1	16 523 3032 177 2357 74 2954 194 5
1	16 220 18 3033 2796 66 18 963 5
1	16 220 18 448 20 26 2260 11 3034 5
1	725 17 3035 5
1	16 1146 1 3036 3037 18 1710 20 5
1	16 17 18 217 2421 11 216 11 508 5
1	16 2635 2187 466 18 389 1506 11 18 191 192 5
1	16 2226 541 94 3038 5
1	16 1146 1 3039 3040 3041 3042 87 5
1	16 1146 1 293 18 3043 20 5
1	16 298 140 1739 99 413 1804 90 1204 3044 220 3045 5
1	725 383 204 888 271 3046 3047 3048 377 5
1	16 424 772 399 18 3049 2065 3050 507 1396 48 5
1	725 17 3051 2807 3052 5
1	16 1739 2243 18 3053 20 3054 220 3055 5
1	2168 91 20 18 53 2348 17 3056 3057 424 3058 5
1	16 424 772 399 3059 1245 486 772 3060 5
1	16 2677 17 1040 898 3061 1558 5
1	725 34 659 3062 3063 3064 87 3065 74 3066 5
1	16 63 1645 517 2673 399 3067 2237 90 486 3068 5
1	725 17 18 3069 1108 648 2373 5
1	16 220 18 3070 1848 11 18 42 5
1	16 1146 1 3071 2650 18 1710 20 5
1	16 792 3072 1504 34 3073 105 18 1625 1886 5 1185 5 1185 5 3074 74 3075 5
1	725 37 3076 1940 3077 3078 83 502 3079 5
1	725 383 271 3080 83 26 3081 3082 3083 418 2261 18 1292 923 20 1307 500 163 5
1	16 171 79 18 3084 3085 3086 257 5
1	16 3087 772 3088 18 146 1691 1703 462 1195 11 18 424 5
1	16 34 18 142 389 3089 171 11 18 42 5
1	16 17 18 217 903 3090 11 18 42 5
1	16 1146 37 18 2272 701 2690 5
1	16 792 171 209 18 3091 3092 5 203 5
1	16 1146 582 416 18 62 579 146 5
1	16 721 17 18 2927 1596 20 840 5
1	16 17 18 389 3089 1739 11 18 42 5
1	725 37 3093 469 1755 502 3094 5
1	16 772 37 198 3095 701 417 5
1	16 1146 220 151 1990 17 3096 5
1	16 1146 99 413 1804 90 3097 11 18 3098 5
1	16 2651 2181 17 2057 87 26 424 136 5
1	16 3099 2479 17 417 90 18 146 3100 3101 5
1	725 383 413 888 18 49 3102 5
1	16 2123 193 11 657 2243 3103 297 20 989 3104 5
1	16 424 1739 220 3105 2165 18 3106 3107 5
1	725 17 3108 2307 5
1	16 772 79 973 3109 3110 5
1	16 424 772 2165 952 2879 5 18 42 220 217 3111 20 3112 3113 5
1	16 3114 2434 1146 399 18 3115 254 3116 18 3117 254 507 3118 5
1	16 1407 1739 20 3119 9 3120 3121 3122 5 3123 5 74 3124 1313 3042 11 5
1	16 17 18 448 20 18 217 1739 11 2156 5 170 640 5
1	16 17 18 1795 1429 777 377 5
1	496 123 3125 17 18 749 3126 2694 2877 2307 5
1	725 79 18 2209 3127 3128 86 98 5
1	725 1 18 146 3129 11 18 424 5
1	16 1146 220 665 17 2251 3130 5
1	725 383 204 2220 2363 3131 3132 5
1	16 1146 2365 18 389 3133 5
1	16 2226 541 94 1961 5 1663 5 74 3134 5
1	725 79 694 1097 66 5
1	725 383 204 888 2210 87 3135 5
1	16 792 171 34 3136 1131 18 3137 3138 5
1	643 2678 17 20 123 2677 5
1	725 177 18 2208 383 204 83 3139 3140 5
1	16 1 18 146 1146 90 3141 26 859 487 11 423 5
1	16 2890 17 57 11 3142 5 63 1645 5
1	16 1146 399 3143 3144 20 486 3058 3145 90 1538 5
1	16 17 18 945 2226 11 18 191 192 5
1	16 2226 17 2443 2444 177 5
1	725 17 3146 5 3147 5
1	16 220 18 2181 20 3148 5
1	16 1739 17 2093 1131 3149 2310 5
1	725 11 18 191 192 108 41 40 18 945 5
1	16 1146 11 1945 461 18 389 3150 3151 20 242 216 5
1	16 17 18 448 20 18 2796 418 18 2797 40 177 5
1	16 3152 95 399 26 1389 20 3153 5 3154 297 5
1	16 1146 2365 3155 90 18 3156 5
1	725 108 413 888 18 1368 87 1313 1436 714 5
1	16 1739 17 5 3157 3158 2307 11 5
1	16 1739 1 3159 1323 955 11 5
1	16 840 2845 2700 26 3160 20 3161 5
1	16 1739 17 2093 1131 2344 2310 5
1	16 772 177 18 2964 20 1508 399 486 3049 2201 2419 48 3162 2271 3163 5
1	725 383 204 888 26 2295 177 432 105 2297 2299 20 3164 5
1	725 17 18 3165 3166 5
1	725 34 18 3167 11 3168 898 5 63 3169 5
1	16 1146 37 18 3170 3170 3171 86 98 11 5
1	16 34 659 2484 564 1878 87 826 5
1	725 9 18 3172 2872 1420 1493 5
1	725 17 904 786 5
1	2463 18 1146 61 2650 1547 11 5
1	16 424 772 34 18 3173 2348 11 5
1	16 34 18 1885 3174 140 1504 87 3175 5
1	725 383 204 888 26 3176 20 26 3177 3178 5
1	16 424 772 79 18 3179 3180 1591 90 2160 1153 5
1	16 220 18 448 20 18 3181 3182 11 1179 105 18 1180 5
1	725 17 18 3183 3184 20 18 191 192 1429 5
1	16 1 219 220 2873 5
1	725 34 18 3185 74 3093 469 2418 3186 5
1	725 37 3187 3188 3189 25 5
1	16 3190 3191 79 18 3192 11 1109 18 202 11 3193 3194 3195 11 5
1	16 17 63 376 220 2065 1848 5
1	60 123 890 17 3196 2307 3197 5
1	2463 26 1146 418 17 3198 26 3199 3200 3201 1366 5
1	725 17 18 217 2745 11 18 42 5
1	60 123 2049 20 18 42 17 1120 5
1	16 3202 3203 17 3204 297 84 5
1	496 123 2226 17 3205 193 5
1	16 1146 17 2307 507 709 314 298 231 74 689 314 2357 232 5
1	725 34 18 119 3206 11 18 42 5
1	16 1739 79 2344 2310 3207 5
1	725 383 204 888 3208 3209 2288 923 358 826 5 3210 2642 298 640 74 18 2735 5
1	16 34 18 792 1504 11 1899 220 5 1912 2767 20 2768 2769 5 5
1	16 2226 541 94 3038 5
1	16 220 18 945 2226 11 1153 5
1	16 1848 2453 3211 18 1649 20 137 74 1327 5
1	16 17 18 2623 20 2344 2310 5
1	16 17 18 217 2479 11 18 3099 2947 5
1	725 17 2558 751 5
1	725 1 3212 3213 686 5
1	725 79 3214 1097 66 5
1	16 2673 1407 1221 383 336 57 507 3215 2954 3216 148 5 63 1645 517 5
1	16 34 659 3217 1595 5
1	16 2677 17 2855 2856 5
1	725 37 18 42 1097 66 5
1	16 2479 1309 17 3218 26 2049 20 5
1	16 220 18 2381 2357 3219 1146 1333 3220 90 18 3221 5
1	16 1146 399 18 2065 3222 239 5
1	16 1739 79 3223 2310 3207 5
1	725 37 3224 86 98 5
1	16 34 18 804 2419 3225 171 11 18 42 5
1	725 383 91 888 2558 751 5
1	16 171 172 18 389 1845 3226 5
1	16 1146 2165 3227 220 3228 74 18 3228 20 616 3229 5
1	725 1617 204 195 90 86 26 803 177 26 3230 3231 5
1	725 17 18 3232 3233 3234 5
1	725 17 18 2719 46 18 2226 3235 5
1	16 2864 1146 2683 3236 5 3237 721 297 5
1	725 383 204 83 3238 3239 5
1	16 1739 2165 18 3240 3241 5
1	16 1146 3242 3243 3156 20 3244 5
1	725 37 3245 2370 5
1	16 17 18 2255 1848 5
1	725 37 18 3246 41 40 5
1	2585 17 26 2494 20 123 1146 5
1	16 63 376 772 2683 3247 721 297 5
1	725 34 18 3248 3249 5
1	725 383 204 888 18 3250 20 3251 1546 3252 5
1	725 17 18 346 2407 2408 5
1	16 1146 2165 18 389 2750 1428 636 20 3253 5
1	16 2353 1739 465 90 336 1459 197 3254 74 3255 5
1	16 34 659 2484 3256 321 1878 5
1	16 1146 3257 18 194 3258 11 3259 5
1	16 2534 20 3260 79 18 3261 40 11 5
1	725 17 3262 345 5
1	725 383 204 83 3263 1139 87 18 2537 2209 3264 87 18 3265 5
1	16 1146 220 2181 1 1311 500 3266 74 3267 3268 5
1	16 1178 1 18 968 87 477 3269 2640 5
1	725 383 204 888 3270 3271 5 5 2968 3272 5 5 177 3273 3274 5
1	725 383 204 2220 2363 928 929 5
1	725 383 204 888 26 3275 675 989 90 1681 2587 824 5 264 74 3276 3072 5
1	16 1 18 2873 20 1468 3277 2714 5
1	16 3278 37 3279 3280 1520 502 3281 11 5
1	725 383 204 888 18 3282 90 18 3283 3284 3285 5
1	725 17 5 3286 3287 5 5
1	16 1150 3288 3289 177 3290 5
1	725 34 18 424 2441 87 2324 5 2325 5
1	16 17 18 2181 20 3291 5
1	16 34 18 217 3292 11 18 42 5
1	725 17 3293 5
1	16 17 18 3294 772 11 18 424 5
1	16 814 2719 1 3295 3296 18 146 90 3297 5 177 3298 2957 5 3299 5
1	16 1 18 217 1739 11 18 42 90 3300 3301 431 11 3302 5
1	725 17 18 338 3303 2389 5
1	16 17 18 448 20 18 2065 1848 11 1915 5
1	16 1848 2453 3304 66 18 2964 20 197 3305 90 3306 5
1	16 17 18 217 1739 11 3307 5
1	725 383 204 888 2384 3263 3308 87 763 1139 5
1	16 1146 17 18 217 1993 3309 5
1	16 220 18 2181 20 2707 5
1	16 772 17 18 3310 2877 2307 11 5
1	725 17 18 1880 5 1972 5 20 18 2271 3163 5
1	16 17 18 3311 448 87 18 144 2850 20 170 640 5
1	16 1146 2504 3312 5
1	725 383 204 888 26 42 3313 3314 1429 507 2097 2052 5
1	16 2288 37 18 229 230 11 5
1	16 3315 772 17 2316 477 2554 807 5
1	16 1146 37 18 3316 575 11 202 203 1558 220 3317 3318 5
1	16 2490 2226 1 3319 50 3320 18 146 2252 90 1204 5
1	725 108 3321 3322 70 5
1	16 1146 2798 512 3323 5 18 42 220 2442 880 5
1	16 3191 108 18 1795 3245 3324 1925 5
1	16 814 3016 220 217 2479 17 3325 351 5
1	16 814 2719 1 3295 3296 18 146 90 3297 5 177 3298 2957 5 3299 5
1	725 17 18 2183 3326 716 177 801 5
1	16 3016 3327 1534 220 3328 74 2868 3329 5
1	725 383 204 888 2967 177 3330 3331 5
1	16 2765 1178 37 1184 1185 1186 3332 1245 1130 2559 20 3333 41 5
1	725 37 18 618 197 3334 40 5
1	725 37 3335 1527 195 90 1960 5
1	16 95 20 976 79 18 3336 254 3337 1100 5
1	16 17 2491 3338 220 2374 2285 5
1	477 346 2407 2408 17 2307 2481 123 1739 5
1	725 17 18 3339 298 2308 1703 3340 2307 5
1	725 17 2131 220 3341 2441 2307 5
1	16 2434 3342 9 18 3343 3344 74 3345 3346 3347 2417 25 11 5
1	16 17 18 2539 2540 417 2541 5
1	16 34 18 176 20 1313 18 2625 11 18 42 74 123 2288 108 407 3348 1100 5
1	2463 18 2065 1848 5
1	16 2479 17 417 90 3349 1459 3350 5
1	725 1 3351 4 5
1	16 17 18 2181 20 1437 5
1	16 17 18 3352 3353 3354 377 5
1	16 2288 2798 18 3355 2177 5
1	16 34 18 2181 1504 20 18 792 621 171 418 977 18 3356 3357 11 590 5
1	60 3358 3359 5 5 3360 148 5 5 123 1 18 448 20 18 669 140 1178 5
1	16 17 18 217 1739 11 235 5
1	725 383 204 83 26 3314 20 3361 177 18 2208 5
1	16 34 18 2419 3294 171 11 18 42 5
1	725 17 2344 2310 5
1	16 772 11 18 191 192 2683 18 217 728 5
1	16 321 1878 34 2936 90 18 3362 177 3363 3364 5
1	725 17 2344 2310 2307 5
1	16 2049 20 1635 3365 18 3366 5 3367 3368 5 74 3369 3370 5
1	16 1146 17 3371 90 3372 3373 895 2408 5
1	16 3191 108 389 1047 1464 3374 3375 5
1	725 34 3376 3377 5
1	16 1739 399 26 827 1459 477 3378 3379 5
1	16 424 772 2165 3380 3381 2408 5
1	725 37 18 3382 2370 5
1	16 17 18 448 20 18 3342 790 3383 74 3384 5
1	16 792 171 17 3385 3386 790 5
1	16 34 18 563 217 1848 2910 11 18 2059 191 192 5
1	16 17 18 2539 2540 417 2541 5
1	725 1 3387 4 5
1	16 220 18 389 3388 2488 448 11 640 5
1	16 34 18 804 1395 2255 3389 11 18 42 5
1	16 1146 399 3390 105 3391 5
1	16 2796 37 3392 3393 3394 5
1	16 1146 2243 18 3395 2201 11 170 640 5
1	16 3369 814 1178 17 2057 459 26 1166 1233 3396 1131 1468 3397 3398 5
1	16 17 18 3260 20 18 3399 5
1	16 1739 220 18 3400 2201 87 3401 20 196 2083 5
1	725 17 18 217 3402 903 2123 11 18 42 5
1	2168 621 424 1739 461 18 2065 1213 239 87 3403 5
1	16 1146 1 1706 3404 3405 11 500 1837 1 3406 1131 788 3407 5
1	16 1146 79 2855 2856 1097 66 5
1	16 792 2252 171 34 3408 1131 18 3409 512 3410 2474 5
1	725 17 18 3411 3412 5
1	60 3413 18 3414 2726 1 3415 90 3416 66 2933 90 1009 5
1	16 2181 17 193 131 3417 3418 61 2243 284 74 3419 3420 5
1	16 2490 3421 3422 18 3423 3424 5
1	725 34 2484 3425 1878 177 18 2208 5
1	725 34 18 119 1433 2197 1106 11 18 424 5
1	725 1 18 217 12 3426 11 202 203 1558 5
1	16 9 18 146 3427 3428 1131 1411 5
1	16 1739 1 614 615 616 617 955 11 5
1	725 220 18 3429 3430 5
1	16 17 18 2181 20 2585 5
1	16 9 18 146 142 1504 90 172 26 242 20 872 318 26 2685 5
1	16 1146 17 18 2720 3309 20 3431 5
1	16 2252 1146 3432 3433 3434 11 3435 365 3436 449 100 872 318 175 1925 628 5
1	16 2677 17 26 3437 5
1	16 17 18 2183 2123 11 18 191 192 5
1	16 3072 1739 1 2727 1459 3438 5
1	725 17 91 220 2987 2988 57 5
1	16 220 18 2183 2181 1739 11 18 3439 5
1	16 17 18 2623 20 3005 5 185 5
1	643 2678 1 26 2462 20 123 1146 5
1	16 2479 1 18 729 20 18 424 220 3317 3440 3441 5
1	16 220 18 389 3442 1146 11 18 42 5
1	725 108 3443 1496 90 40 5
1	16 792 1504 3444 3445 18 3446 20 2629 3447 3448 5
1	725 383 204 83 826 3449 1423 3450 3451 87 18 807 20 1505 5
1	16 1146 3452 18 3009 20 18 2434 3453 5
1	725 383 204 86 26 1834 418 582 2911 2587 123 204 402 336 500 204 3189 25 5
1	16 2636 11 185 17 2379 90 386 91 675 872 3454 5
1	16 2490 3281 383 413 511 1131 1266 3455 5
1	725 383 204 83 26 92 3456 20 3457 11 3251 728 5
1	725 220 3458 5
1	725 17 3459 5
1	16 298 140 1739 2165 18 2720 3460 242 5
1	725 17 85 3461 90 3462 18 3463 228 5 3464 3465 5 61 3466 1070 3467 34 3468 1100 26 3469 2845 5
1	16 17 18 2183 2452 177 18 2208 5
1	16 1146 34 413 3470 415 413 1273 507 788 3471 2310 5
1	16 17 18 2181 20 3472 5
1	16 17 26 1146 418 3473 105 18 173 3474 5
1	16 171 3475 18 389 66 3476 5
1	2168 1739 11 879 399 18 217 344 20 3477 3478 1668 5
1	725 34 3479 389 3480 57 5
1	16 17 18 1795 98 90 40 11 18 42 5 3481 3482 5 3483 5
1	16 17 18 321 2285 507 61 204 383 888 18 2374 2285 20 26 647 20 18 424 2041 20 2376 5
1	16 2226 2836 3484 18 3485 20 3486 5
1	725 108 413 888 826 2363 18 3487 895 3488 3489
1	725 383 204 83 826 177 18 749 709 424 138 5
1	16 298 140 1739 3490 18 389 3491 990 5
1	16 17 18 217 74 389 2420 3492 3493 1238 11 18 424 3494 3495 5
1	725 37 3496 888 26 2985 20 3497 41 5
1	725 37 18 3072 3498 3499 3500 90 519 15 5
1	16 1739 99 413 336 11 415 413 9 3501 18 3502 11 18 3503 512 3504 5
1	16 17 18 448 20 18 2796 418 18 2797 40 177 5
1	725 17 35 826 177 18 3505 5 233 3506 5 5
1	725 17 3507 5
1	725 37 18 448 878 2370 5
1	16 850 108 1333 172 772 638 1546 5
1	16 1739 399 18 792 3508 3509 11 18 424 5
1	2463 18 1146 20 3510 3511 453 18 216 20 39 11 5 3496 220 3512 5 5
1	725 79 389 20 18 3513 3514 18 191 192 1097 66 5
1	16 1146 2165 3515 2444 5 3516 2444 5 74 3517 2444 5
1	16 1146 17 196 2083 11 5
1	2168 1146 17 18 217 1146 11 2517 640 5
1	725 37 616 2938 204 3518 18 5 3519 3520 5 500 1837 3521 85 5
1	725 383 204 888 18 949 20 18 3522 2016 5
1	16 424 772 2922 199 11 271 3523 2214 5
1	16 424 772 3524 18 512 3525 2177 5
1	16 840 2488 2654 90 336 18 42 1596 87 1341 220 3526 5
1	16 3527 1146 17 3528 630 20 3529 3530 5
1	16 890 3531 1120 5
1	16 17 18 2181 20 814 5
1	16 1146 2922 199 11 271 3523 2214 5
1	16 1146 17 18 3532 2409 3533 20 3534 5
1	16 1739 17 18 346 2407 2408 2481 5
1	725 37 2080 3535 3536 1960 5
1	16 17 18 1146 20 3009 87 18 448 338 5
1	16 1146 399 18 2065 1428 3537 3538 20 1592 5
1	16 2271 17 3539 177 5
1	725 11 18 3439 17 85 2381 3540 297 66 18 516 90 18 2341 5
1	16 424 1739 17 1244 1245 477 1462 2601 20 18 202 5
1	16 171 172 18 2065 1503 20 3541 571 5
1	725 34 35 3542 5
1	496 123 2226 17 2933 193 5
1	725 177 18 3354 17 3543 3544 66 3545 5 1676 5
1	725 9 18 3546 2872 1420 1493 5
1	16 2717 1 338 3547 3548 11 5
1	477 346 2407 2408 17 3549 90 61 140 1739 5
1	725 11 26 702 79 3550 1454 5
1	16 3551 3552 18 3099 2947 74 18 516 1556 5
1	16 1827 17 177 18 3553 2418 652 5
1	16 1739 220 1827 17 2057 2347 1828 5
1	16 17 18 2194 20 1643 5
1	16 17 18 217 2845 11 18 42 5
1	725 37 3554 2370 5
1	16 424 772 17 3555 3556 895 2408 11 5
1	60 123 1146 17 26 3557 3558 26 3559 3560 5
1	725 17 3561 3562 2051 66 5
1	725 383 204 2286 26 3563 177 18 245 351 87 3251 3564 5
1	16 17 18 2285 20 18 3396 3565 1374 5 3566 5 5
1	16 2796 3567 3568 90 2674 5
1	16 17 18 389 3569 890 11 18 42 5 3570 5
1	725 17 18 1309 3571 3572 66 5
1	16 1146 17 3396 87 2963 3573 5
1	16 1739 17 3574 1131 18 3107 20 3575 5
1	725 17 18 42 220 389 1149 1150 2307 5
1	16 1146 17 3576 11 2049 1131 18 2757 1556 74 3577 74 3578 2625 5
1	725 17 3579 220 3580 5
1	16 1739 220 3581 3053 399 455 2316 477 3582 3583 5
1	725 1 2090 2091 4 5
1	16 792 2735 171 2472 18 2479 20 3584 5
1	16 2524 220 3070 2323 17 3084 3085 5
1	16 3585 1739 17 417 90 18 3586 95 20 513 3587 5
1	16 2677 17 3037 5
1	16 2288 2798 18 3588 2177 5
1	16 170 140 1146 1055 486 146 202 2742 309 2730 11 3589 5
1	16 3590 2271 220 2543 79 3591 3592 824 18 3593 1547 2481 5
1	496 123 2524 17 1120 5
1	16 17 18 424 2623 20 2324 5 2325 3341 3594 5
1	16 772 17 1244 1245 18 3595 807 5
1	16 34 1313 18 144 850 20 18 424 5
1	16 79 18 254 3596 3337 1100 5
1	16 772 37 3597 3598 3110 11 18 1907 3599 640 3600 5
1	725 17 170 3601 5
1	16 1146 399 18 389 2632 5
1	16 792 850 17 2091 3602 790 5
1	16 3603 3604 37 3605 983 5
1	16 2252 1146 220 3606 1 3607 11 3608 5
1	16 1146 17 417 90 3609 3610 5
1	16 17 18 2065 2524 5
1	725 383 204 888 826 177 2897 26 3611 5
1	60 123 1739 79 480 481 3495 40 5